# Simple


## AddressBook

### gen1

| name | John Doe | Acme Corp | Jane Smith | Mark Brown |
|---|---|---|---|---|
| **John Doe** | 1.0000 | 0.4296 | 0.4485 | 0.3561 | 
| **Acme Corp** | 0.4296 | 1.0000 | 0.3577 | 0.2749 | 
| **Jane Smith** | 0.4485 | 0.3577 | 1.0000 | 0.4601 | 
| **Mark Brown** | 0.3561 | 0.2749 | 0.4601 | 1.0000 | 


| title | Software Engineer | Project Manager | Marketing Director |
|---|---|---|---|
| **Software Engineer** | 1.0000 | 0.5415 | 0.4438 | 
| **Project Manager** | 0.5415 | 1.0000 | 0.5902 | 
| **Marketing Director** | 0.4438 | 0.5902 | 1.0000 | 


| city | New York | San Francisco | Chicago |
|---|---|---|---|
| **New York** | 1.0000 | 0.5532 | 0.5296 | 
| **San Francisco** | 0.5532 | 1.0000 | 0.5420 | 
| **Chicago** | 0.5296 | 0.5420 | 1.0000 | 


| street | Broadway | Market Street | Michigan Avenue |
|---|---|---|---|
| **Broadway** | 1.0000 | 0.4188 | 0.5087 | 
| **Market Street** | 0.4188 | 1.0000 | 0.5634 | 
| **Michigan Avenue** | 0.5087 | 0.5634 | 1.0000 | 


| comment | Discuss project milestones | Follow-up on proposal |
|---|---|---|
| **Discuss project milestones** | 1.0000 | 0.5069 | 
| **Follow-up on proposal** | 0.5069 | 1.0000 | 


| industry | Technology |
|---|---|
| **Technology** | 1.0000 | 


### gen2

| name | Tech Solutions | Alice Wong | Bob Carter |
|---|---|---|---|
| **Tech Solutions** | 1.0000 | 0.2553 | 0.2415 | 
| **Alice Wong** | 0.2553 | 1.0000 | 0.3522 | 
| **Bob Carter** | 0.2415 | 0.3522 | 1.0000 | 


| title | Chief Executive Officer | Operations Manager |
|---|---|---|
| **Chief Executive Officer** | 1.0000 | 0.5854 | 
| **Operations Manager** | 0.5854 | 1.0000 | 


| city | Los Angeles | Seattle |
|---|---|---|
| **Los Angeles** | 1.0000 | 0.5456 | 
| **Seattle** | 0.5456 | 1.0000 | 


| street | Sunset Boulevard | Pine Street |
|---|---|---|
| **Sunset Boulevard** | 1.0000 | 0.3906 | 
| **Pine Street** | 0.3906 | 1.0000 | 


| comment | Sent quarterly earnings report | Reminder for annual strategic planning meeting |
|---|---|---|
| **Sent quarterly earnings report** | 1.0000 | 0.3832 | 
| **Reminder for annual strategic planning meeting** | 0.3832 | 1.0000 | 


| industry | Consulting |
|---|---|
| **Consulting** | 1.0000 | 


### gen3

| name | Green Energy Inc. | David Lee | Sophia Kim |
|---|---|---|---|
| **Green Energy Inc.** | 1.0000 | 0.3591 | 0.3002 | 
| **David Lee** | 0.3591 | 1.0000 | 0.4568 | 
| **Sophia Kim** | 0.3002 | 0.4568 | 1.0000 | 


| title | Environmental Consultant | Graphic Designer |
|---|---|---|
| **Environmental Consultant** | 1.0000 | 0.4898 | 
| **Graphic Designer** | 0.4898 | 1.0000 | 


| city | Austin | Miami | Denver |
|---|---|---|---|
| **Austin** | 1.0000 | 0.4716 | 0.4764 | 
| **Miami** | 0.4716 | 1.0000 | 0.5363 | 
| **Denver** | 0.4764 | 0.5363 | 1.0000 | 


| street | Congress Avenue | Biscayne Blvd | Energy Parkway |
|---|---|---|---|
| **Congress Avenue** | 1.0000 | 0.5187 | 0.4682 | 
| **Biscayne Blvd** | 0.5187 | 1.0000 | 0.4579 | 
| **Energy Parkway** | 0.4682 | 0.4579 | 1.0000 | 


| comment | Consulted on solar power expansion project | Submitted new design prototypes for review |
|---|---|---|
| **Consulted on solar power expansion project** | 1.0000 | 0.3927 | 
| **Submitted new design prototypes for review** | 0.3927 | 1.0000 | 


| industry | Renewable Energy |
|---|---|
| **Renewable Energy** | 1.0000 | 


### gen4

| name | Urban Developers Ltd. | Michael Jones | Sarah Wilson |
|---|---|---|---|
| **Urban Developers Ltd.** | 1.0000 | 0.2681 | 0.2760 | 
| **Michael Jones** | 0.2681 | 1.0000 | 0.4182 | 
| **Sarah Wilson** | 0.2760 | 0.4182 | 1.0000 | 


| title | Senior Real Estate Advisor | Architect |
|---|---|---|
| **Senior Real Estate Advisor** | 1.0000 | 0.4865 | 
| **Architect** | 0.4865 | 1.0000 | 


| city | Phoenix | Charlotte | Houston |
|---|---|---|---|
| **Phoenix** | 1.0000 | 0.4601 | 0.5292 | 
| **Charlotte** | 0.4601 | 1.0000 | 0.4347 | 
| **Houston** | 0.5292 | 0.4347 | 1.0000 | 


| street | Desert Drive | Elm Street | Construction Road |
|---|---|---|---|
| **Desert Drive** | 1.0000 | 0.4235 | 0.5149 | 
| **Elm Street** | 0.4235 | 1.0000 | 0.3474 | 
| **Construction Road** | 0.5149 | 0.3474 | 1.0000 | 


| comment | Discuss future property developments in downtown area | Sent architectural design drafts for the new business park |
|---|---|---|
| **Discuss future property developments in downtown area** | 1.0000 | 0.4448 | 
| **Sent architectural design drafts for the new business park** | 0.4448 | 1.0000 | 


| industry | Real Estate |
|---|---|
| **Real Estate** | 1.0000 | 


### gen5

| name | BlueTech Innovations | Emma Watson | Oliver Stone |
|---|---|---|---|
| **BlueTech Innovations** | 1.0000 | 0.2131 | 0.2390 | 
| **Emma Watson** | 0.2131 | 1.0000 | 0.3938 | 
| **Oliver Stone** | 0.2390 | 0.3938 | 1.0000 | 


| title | Lead UX Designer | Multimedia Specialist |
|---|---|---|
| **Lead UX Designer** | 1.0000 | 0.4961 | 
| **Multimedia Specialist** | 0.4961 | 1.0000 | 


| city | Boston | San Diego | Seattle |
|---|---|---|---|
| **Boston** | 1.0000 | 0.4767 | 0.5361 | 
| **San Diego** | 0.4767 | 1.0000 | 0.5391 | 
| **Seattle** | 0.5361 | 0.5391 | 1.0000 | 


| street | Maple Street | Palm Lane | Lakeview Ave |
|---|---|---|---|
| **Maple Street** | 1.0000 | 0.5127 | 0.5521 | 
| **Palm Lane** | 0.5127 | 1.0000 | 0.5012 | 
| **Lakeview Ave** | 0.5521 | 0.5012 | 1.0000 | 


| comment | Participate in UX design workshop with stakeholders | Discuss multimedia content strategies for product launch |
|---|---|---|
| **Participate in UX design workshop with stakeholders** | 1.0000 | 0.3785 | 
| **Discuss multimedia content strategies for product launch** | 0.3785 | 1.0000 | 


| industry | Software Development |
|---|---|
| **Software Development** | 1.0000 | 


### ALL Gen detailed

| name | John Doe | Acme Corp | Jane Smith | Mark Brown | Tech Solutions | Alice Wong | Bob Carter | Green Energy Inc. | David Lee | Sophia Kim | Urban Developers Ltd. | Michael Jones | Sarah Wilson | BlueTech Innovations | Emma Watson | Oliver Stone |
|---|---|---|---|---|---|---|---|---|---|---|---|---|---|---|---|---|
| **John Doe** | 1.0000 | 0.4296 | 0.4485 | 0.3561 | 0.3011 | 0.3647 | 0.3749 | 0.3756 | 0.4132 | 0.3567 | 0.2585 | 0.4124 | 0.3012 | 0.3042 | 0.3071 | 0.3152 | 
| **Acme Corp** | 0.4296 | 1.0000 | 0.3577 | 0.2749 | 0.3132 | 0.4019 | 0.3196 | 0.4580 | 0.3737 | 0.3227 | 0.3373 | 0.2826 | 0.2949 | 0.3216 | 0.3548 | 0.3086 | 
| **Jane Smith** | 0.4485 | 0.3577 | 1.0000 | 0.4601 | 0.2575 | 0.3867 | 0.3692 | 0.3328 | 0.3700 | 0.3103 | 0.2961 | 0.4951 | 0.4101 | 0.3183 | 0.4235 | 0.4177 | 
| **Mark Brown** | 0.3561 | 0.2749 | 0.4601 | 1.0000 | 0.2651 | 0.3389 | 0.4023 | 0.3390 | 0.4503 | 0.3256 | 0.3042 | 0.4921 | 0.3515 | 0.3584 | 0.3226 | 0.3394 | 
| **Tech Solutions** | 0.3011 | 0.3132 | 0.2575 | 0.2651 | 1.0000 | 0.2553 | 0.2415 | 0.3460 | 0.2601 | 0.3072 | 0.3211 | 0.2414 | 0.2475 | 0.5692 | 0.2283 | 0.2074 | 
| **Alice Wong** | 0.3647 | 0.4019 | 0.3867 | 0.3389 | 0.2553 | 1.0000 | 0.3522 | 0.2780 | 0.4387 | 0.5216 | 0.2676 | 0.3125 | 0.4740 | 0.3202 | 0.4504 | 0.3281 | 
| **Bob Carter** | 0.3749 | 0.3196 | 0.3692 | 0.4023 | 0.2415 | 0.3522 | 1.0000 | 0.2893 | 0.4129 | 0.3347 | 0.2675 | 0.4156 | 0.4006 | 0.3065 | 0.3313 | 0.3922 | 
| **Green Energy Inc.** | 0.3756 | 0.4580 | 0.3328 | 0.3390 | 0.3460 | 0.2780 | 0.2893 | 1.0000 | 0.3591 | 0.3002 | 0.3829 | 0.2551 | 0.2998 | 0.5206 | 0.1844 | 0.2403 | 
| **David Lee** | 0.4132 | 0.3737 | 0.3700 | 0.4503 | 0.2601 | 0.4387 | 0.4129 | 0.3591 | 1.0000 | 0.4568 | 0.3566 | 0.4072 | 0.4803 | 0.3019 | 0.3295 | 0.3660 | 
| **Sophia Kim** | 0.3567 | 0.3227 | 0.3103 | 0.3256 | 0.3072 | 0.5216 | 0.3347 | 0.3002 | 0.4568 | 1.0000 | 0.2712 | 0.3154 | 0.5167 | 0.2945 | 0.4258 | 0.3233 | 
| **Urban Developers Ltd.** | 0.2585 | 0.3373 | 0.2961 | 0.3042 | 0.3211 | 0.2676 | 0.2675 | 0.3829 | 0.3566 | 0.2712 | 1.0000 | 0.2681 | 0.2760 | 0.3725 | 0.2368 | 0.2848 | 
| **Michael Jones** | 0.4124 | 0.2826 | 0.4951 | 0.4921 | 0.2414 | 0.3125 | 0.4156 | 0.2551 | 0.4072 | 0.3154 | 0.2681 | 1.0000 | 0.4182 | 0.2834 | 0.2743 | 0.4172 | 
| **Sarah Wilson** | 0.3012 | 0.2949 | 0.4101 | 0.3515 | 0.2475 | 0.4740 | 0.4006 | 0.2998 | 0.4803 | 0.5167 | 0.2760 | 0.4182 | 1.0000 | 0.2950 | 0.4372 | 0.2988 | 
| **BlueTech Innovations** | 0.3042 | 0.3216 | 0.3183 | 0.3584 | 0.5692 | 0.3202 | 0.3065 | 0.5206 | 0.3019 | 0.2945 | 0.3725 | 0.2834 | 0.2950 | 1.0000 | 0.2131 | 0.2390 | 
| **Emma Watson** | 0.3071 | 0.3548 | 0.4235 | 0.3226 | 0.2283 | 0.4504 | 0.3313 | 0.1844 | 0.3295 | 0.4258 | 0.2368 | 0.2743 | 0.4372 | 0.2131 | 1.0000 | 0.3938 | 
| **Oliver Stone** | 0.3152 | 0.3086 | 0.4177 | 0.3394 | 0.2074 | 0.3281 | 0.3922 | 0.2403 | 0.3660 | 0.3233 | 0.2848 | 0.4172 | 0.2988 | 0.2390 | 0.3938 | 1.0000 | 


| title | Software Engineer | Project Manager | Marketing Director | Chief Executive Officer | Operations Manager | Environmental Consultant | Graphic Designer | Senior Real Estate Advisor | Architect | Lead UX Designer | Multimedia Specialist |
|---|---|---|---|---|---|---|---|---|---|---|---|
| **Software Engineer** | 1.0000 | 0.5415 | 0.4438 | 0.4408 | 0.4460 | 0.4418 | 0.5368 | 0.4213 | 0.4812 | 0.5524 | 0.4876 | 
| **Project Manager** | 0.5415 | 1.0000 | 0.5902 | 0.4857 | 0.6703 | 0.5218 | 0.5342 | 0.4910 | 0.5021 | 0.5436 | 0.5170 | 
| **Marketing Director** | 0.4438 | 0.5902 | 1.0000 | 0.6563 | 0.5830 | 0.4463 | 0.5610 | 0.5298 | 0.4298 | 0.5560 | 0.5105 | 
| **Chief Executive Officer** | 0.4408 | 0.4857 | 0.6563 | 1.0000 | 0.5854 | 0.3846 | 0.4054 | 0.4510 | 0.4380 | 0.4884 | 0.3846 | 
| **Operations Manager** | 0.4460 | 0.6703 | 0.5830 | 0.5854 | 1.0000 | 0.4474 | 0.4671 | 0.4560 | 0.4027 | 0.5059 | 0.4408 | 
| **Environmental Consultant** | 0.4418 | 0.5218 | 0.4463 | 0.3846 | 0.4474 | 1.0000 | 0.4898 | 0.5533 | 0.5019 | 0.4248 | 0.4545 | 
| **Graphic Designer** | 0.5368 | 0.5342 | 0.5610 | 0.4054 | 0.4671 | 0.4898 | 1.0000 | 0.4255 | 0.5619 | 0.6372 | 0.6457 | 
| **Senior Real Estate Advisor** | 0.4213 | 0.4910 | 0.5298 | 0.4510 | 0.4560 | 0.5533 | 0.4255 | 1.0000 | 0.4865 | 0.5204 | 0.4532 | 
| **Architect** | 0.4812 | 0.5021 | 0.4298 | 0.4380 | 0.4027 | 0.5019 | 0.5619 | 0.4865 | 1.0000 | 0.4451 | 0.3962 | 
| **Lead UX Designer** | 0.5524 | 0.5436 | 0.5560 | 0.4884 | 0.5059 | 0.4248 | 0.6372 | 0.5204 | 0.4451 | 1.0000 | 0.4961 | 
| **Multimedia Specialist** | 0.4876 | 0.5170 | 0.5105 | 0.3846 | 0.4408 | 0.4545 | 0.6457 | 0.4532 | 0.3962 | 0.4961 | 1.0000 | 


| city | New York | San Francisco | Chicago | Los Angeles | Seattle | Austin | Miami | Denver | Phoenix | Charlotte | Houston | Boston | San Diego | Seattle |
|---|---|---|---|---|---|---|---|---|---|---|---|---|---|---|
| **New York** | 1.0000 | 0.5532 | 0.5296 | 0.5738 | 0.4790 | 0.4442 | 0.5093 | 0.4998 | 0.3982 | 0.4780 | 0.4904 | 0.5223 | 0.4659 | 0.4790 | 
| **San Francisco** | 0.5532 | 1.0000 | 0.5420 | 0.6435 | 0.6224 | 0.4836 | 0.4859 | 0.5709 | 0.4317 | 0.4302 | 0.5389 | 0.5682 | 0.6978 | 0.6224 | 
| **Chicago** | 0.5296 | 0.5420 | 1.0000 | 0.5921 | 0.5406 | 0.5290 | 0.5972 | 0.5579 | 0.5085 | 0.4796 | 0.5341 | 0.6113 | 0.5315 | 0.5406 | 
| **Los Angeles** | 0.5738 | 0.6435 | 0.5921 | 1.0000 | 0.5456 | 0.5192 | 0.5513 | 0.5401 | 0.4810 | 0.4135 | 0.5662 | 0.5205 | 0.6203 | 0.5456 | 
| **Seattle** | 0.4790 | 0.6224 | 0.5406 | 0.5456 | 1.0000 | 0.5127 | 0.5109 | 0.6010 | 0.4246 | 0.3871 | 0.5222 | 0.5361 | 0.5391 | 1.0000 | 
| **Austin** | 0.4442 | 0.4836 | 0.5290 | 0.5192 | 0.5127 | 1.0000 | 0.4716 | 0.4764 | 0.5320 | 0.3875 | 0.6426 | 0.5041 | 0.4558 | 0.5127 | 
| **Miami** | 0.5093 | 0.4859 | 0.5972 | 0.5513 | 0.5109 | 0.4716 | 1.0000 | 0.5363 | 0.4879 | 0.4196 | 0.5639 | 0.5475 | 0.4530 | 0.5109 | 
| **Denver** | 0.4998 | 0.5709 | 0.5579 | 0.5401 | 0.6010 | 0.4764 | 0.5363 | 1.0000 | 0.5302 | 0.4969 | 0.4957 | 0.5492 | 0.5459 | 0.6010 | 
| **Phoenix** | 0.3982 | 0.4317 | 0.5085 | 0.4810 | 0.4246 | 0.5320 | 0.4879 | 0.5302 | 1.0000 | 0.4601 | 0.5292 | 0.5057 | 0.4721 | 0.4246 | 
| **Charlotte** | 0.4780 | 0.4302 | 0.4796 | 0.4135 | 0.3871 | 0.3875 | 0.4196 | 0.4969 | 0.4601 | 1.0000 | 0.4347 | 0.4851 | 0.4480 | 0.3871 | 
| **Houston** | 0.4904 | 0.5389 | 0.5341 | 0.5662 | 0.5222 | 0.6426 | 0.5639 | 0.4957 | 0.5292 | 0.4347 | 1.0000 | 0.5795 | 0.4722 | 0.5222 | 
| **Boston** | 0.5223 | 0.5682 | 0.6113 | 0.5205 | 0.5361 | 0.5041 | 0.5475 | 0.5492 | 0.5057 | 0.4851 | 0.5795 | 1.0000 | 0.4767 | 0.5361 | 
| **San Diego** | 0.4659 | 0.6978 | 0.5315 | 0.6203 | 0.5391 | 0.4558 | 0.4530 | 0.5459 | 0.4721 | 0.4480 | 0.4722 | 0.4767 | 1.0000 | 0.5391 | 
| **Seattle** | 0.4790 | 0.6224 | 0.5406 | 0.5456 | 1.0000 | 0.5127 | 0.5109 | 0.6010 | 0.4246 | 0.3871 | 0.5222 | 0.5361 | 0.5391 | 1.0000 | 


| street | Broadway | Market Street | Michigan Avenue | Sunset Boulevard | Pine Street | Congress Avenue | Biscayne Blvd | Energy Parkway | Desert Drive | Elm Street | Construction Road | Maple Street | Palm Lane | Lakeview Ave |
|---|---|---|---|---|---|---|---|---|---|---|---|---|---|---|
| **Broadway** | 1.0000 | 0.4188 | 0.5087 | 0.5031 | 0.4157 | 0.4939 | 0.4986 | 0.4093 | 0.3949 | 0.3814 | 0.3447 | 0.4381 | 0.4216 | 0.3936 | 
| **Market Street** | 0.4188 | 1.0000 | 0.5634 | 0.3289 | 0.6124 | 0.5511 | 0.4018 | 0.4311 | 0.3780 | 0.4589 | 0.4128 | 0.6381 | 0.4341 | 0.4770 | 
| **Michigan Avenue** | 0.5087 | 0.5634 | 1.0000 | 0.4360 | 0.5523 | 0.6293 | 0.6083 | 0.4578 | 0.4783 | 0.4353 | 0.4449 | 0.5614 | 0.5024 | 0.6229 | 
| **Sunset Boulevard** | 0.5031 | 0.3289 | 0.4360 | 1.0000 | 0.3906 | 0.3869 | 0.5142 | 0.3296 | 0.5223 | 0.5026 | 0.3481 | 0.3757 | 0.4104 | 0.4022 | 
| **Pine Street** | 0.4157 | 0.6124 | 0.5523 | 0.3906 | 1.0000 | 0.4761 | 0.4777 | 0.3824 | 0.4341 | 0.4824 | 0.4268 | 0.7302 | 0.5420 | 0.5117 | 
| **Congress Avenue** | 0.4939 | 0.5511 | 0.6293 | 0.3869 | 0.4761 | 1.0000 | 0.5187 | 0.4682 | 0.4431 | 0.3680 | 0.5013 | 0.4884 | 0.4981 | 0.5472 | 
| **Biscayne Blvd** | 0.4986 | 0.4018 | 0.6083 | 0.5142 | 0.4777 | 0.5187 | 1.0000 | 0.4579 | 0.4698 | 0.4003 | 0.4224 | 0.4495 | 0.5160 | 0.4938 | 
| **Energy Parkway** | 0.4093 | 0.4311 | 0.4578 | 0.3296 | 0.3824 | 0.4682 | 0.4579 | 1.0000 | 0.5027 | 0.3722 | 0.5246 | 0.3934 | 0.4428 | 0.4322 | 
| **Desert Drive** | 0.3949 | 0.3780 | 0.4783 | 0.5223 | 0.4341 | 0.4431 | 0.4698 | 0.5027 | 1.0000 | 0.4235 | 0.5149 | 0.4095 | 0.5554 | 0.4456 | 
| **Elm Street** | 0.3814 | 0.4589 | 0.4353 | 0.5026 | 0.4824 | 0.3680 | 0.4003 | 0.3722 | 0.4235 | 1.0000 | 0.3474 | 0.4852 | 0.4055 | 0.3895 | 
| **Construction Road** | 0.3447 | 0.4128 | 0.4449 | 0.3481 | 0.4268 | 0.5013 | 0.4224 | 0.5246 | 0.5149 | 0.3474 | 1.0000 | 0.4337 | 0.4332 | 0.4370 | 
| **Maple Street** | 0.4381 | 0.6381 | 0.5614 | 0.3757 | 0.7302 | 0.4884 | 0.4495 | 0.3934 | 0.4095 | 0.4852 | 0.4337 | 1.0000 | 0.5127 | 0.5521 | 
| **Palm Lane** | 0.4216 | 0.4341 | 0.5024 | 0.4104 | 0.5420 | 0.4981 | 0.5160 | 0.4428 | 0.5554 | 0.4055 | 0.4332 | 0.5127 | 1.0000 | 0.5012 | 
| **Lakeview Ave** | 0.3936 | 0.4770 | 0.6229 | 0.4022 | 0.5117 | 0.5472 | 0.4938 | 0.4322 | 0.4456 | 0.3895 | 0.4370 | 0.5521 | 0.5012 | 1.0000 | 


| comment | Discuss project milestones | Follow-up on proposal | Sent quarterly earnings report | Reminder for annual strategic planning meeting | Consulted on solar power expansion project | Submitted new design prototypes for review | Discuss future property developments in downtown area | Sent architectural design drafts for the new business park | Participate in UX design workshop with stakeholders | Discuss multimedia content strategies for product launch |
|---|---|---|---|---|---|---|---|---|---|---|
| **Discuss project milestones** | 1.0000 | 0.5069 | 0.3987 | 0.4422 | 0.3997 | 0.4387 | 0.4924 | 0.3963 | 0.4356 | 0.4871 | 
| **Follow-up on proposal** | 0.5069 | 1.0000 | 0.3890 | 0.4206 | 0.3881 | 0.5109 | 0.4834 | 0.4690 | 0.3648 | 0.2860 | 
| **Sent quarterly earnings report** | 0.3987 | 0.3890 | 1.0000 | 0.3832 | 0.2836 | 0.4128 | 0.2504 | 0.4912 | 0.2256 | 0.3384 | 
| **Reminder for annual strategic planning meeting** | 0.4422 | 0.4206 | 0.3832 | 1.0000 | 0.2948 | 0.3140 | 0.3750 | 0.3604 | 0.4097 | 0.3118 | 
| **Consulted on solar power expansion project** | 0.3997 | 0.3881 | 0.2836 | 0.2948 | 1.0000 | 0.3927 | 0.3801 | 0.4575 | 0.3507 | 0.2571 | 
| **Submitted new design prototypes for review** | 0.4387 | 0.5109 | 0.4128 | 0.3140 | 0.3927 | 1.0000 | 0.3805 | 0.6057 | 0.5057 | 0.4196 | 
| **Discuss future property developments in downtown area** | 0.4924 | 0.4834 | 0.2504 | 0.3750 | 0.3801 | 0.3805 | 1.0000 | 0.4448 | 0.3105 | 0.3563 | 
| **Sent architectural design drafts for the new business park** | 0.3963 | 0.4690 | 0.4912 | 0.3604 | 0.4575 | 0.6057 | 0.4448 | 1.0000 | 0.3836 | 0.3175 | 
| **Participate in UX design workshop with stakeholders** | 0.4356 | 0.3648 | 0.2256 | 0.4097 | 0.3507 | 0.5057 | 0.3105 | 0.3836 | 1.0000 | 0.3785 | 
| **Discuss multimedia content strategies for product launch** | 0.4871 | 0.2860 | 0.3384 | 0.3118 | 0.2571 | 0.4196 | 0.3563 | 0.3175 | 0.3785 | 1.0000 | 


| industry | Technology | Consulting | Renewable Energy | Real Estate | Software Development |
|---|---|---|---|---|---|
| **Technology** | 1.0000 | 0.3752 | 0.4116 | 0.4375 | 0.5401 | 
| **Consulting** | 0.3752 | 1.0000 | 0.3447 | 0.4198 | 0.4940 | 
| **Renewable Energy** | 0.4116 | 0.3447 | 1.0000 | 0.5036 | 0.3920 | 
| **Real Estate** | 0.4375 | 0.4198 | 0.5036 | 1.0000 | 0.4413 | 
| **Software Development** | 0.5401 | 0.4940 | 0.3920 | 0.4413 | 1.0000 | 


### ALL Gen top-diag mean

| AddressBook | name | title | city | street | comment | industry |
|---|---|---|---|---|---|---|
| **gen1** | 0.3878 | 0.5252 | 0.5416 | 0.4970 | 0.5069 | 0.0000 | 
| **gen2** | 0.2830 | 0.5854 | 0.5456 | 0.3906 | 0.3832 | 0.0000 | 
| **gen3** | 0.3720 | 0.4898 | 0.4948 | 0.4816 | 0.3927 | 0.0000 | 
| **gen4** | 0.3208 | 0.4865 | 0.4747 | 0.4286 | 0.4448 | 0.0000 | 
| **gen5** | 0.2820 | 0.4961 | 0.5173 | 0.5220 | 0.3785 | 0.0000 | 


| AddressBook | name | title | city | street | comment | industry |
|---|---|---|---|---|---|---|
| **Across Gen** | 0.3449 | 0.4958 | 0.5210 | 0.4642 | 0.3934 | 0.4360 |