# Simple

**Table values interpretation:**

- **NaN** indicates the absence of attributes of that type.
- **1.0** means that the attributes are completely **different**.
*(If there is only one attribute, it also returns 1.0)*
- **0.0** means the attributes are entirely **identical**.

## Statemachine

### gen1

| StateMachine.name | mainStateMachine | secondaryMachine |
|---|---|---|
| **mainStateMachine** | 0.0000 | 0.1718 | 
| **secondaryMachine** | 0.1718 | 0.0000 | 


| State.name | idle | active | paused | initial |
|---|---|---|---|---|
| **idle** | 0.0000 | 0.2363 | 0.1665 | 0.2856 | 
| **active** | 0.2363 | 0.0000 | 0.2610 | 0.2794 | 
| **paused** | 0.1665 | 0.2610 | 0.0000 | 0.3082 | 
| **initial** | 0.2856 | 0.2794 | 0.3082 | 0.0000 | 


| Transition.name | startToActive | activeToPaused | pausedToIdle | initialToActive |
|---|---|---|---|---|
| **startToActive** | 0.0000 | 0.1238 | 0.1644 | 0.0559 | 
| **activeToPaused** | 0.1238 | 0.0000 | 0.0813 | 0.1221 | 
| **pausedToIdle** | 0.1644 | 0.0813 | 0.0000 | 0.1731 | 
| **initialToActive** | 0.0559 | 0.1221 | 0.1731 | 0.0000 | 


### gen2

| StateMachine.name | auxiliaryMachine |
|---|---|
| **auxiliaryMachine** | 0.0000 | 


| State.name | waiting | running | finished |
|---|---|---|---|
| **waiting** | 0.0000 | 0.3034 | 0.3019 | 
| **running** | 0.3034 | 0.0000 | 0.3063 | 
| **finished** | 0.3019 | 0.3063 | 0.0000 | 


| Transition.name | waitToRun | runToFinish |
|---|---|---|
| **waitToRun** | 0.0000 | 0.1561 | 
| **runToFinish** | 0.1561 | 0.0000 | 


### gen3

| StateMachine.name | backupMachine |
|---|---|
| **backupMachine** | 0.0000 | 


| State.name | booting | operational |
|---|---|---|
| **booting** | 0.0000 | 0.3167 | 
| **operational** | 0.3167 | 0.0000 | 


| Transition.name | bootToOperational |
|---|---|
| **bootToOperational** | 0.0000 | 


### gen4

| StateMachine.name | emergencyMachine |
|---|---|
| **emergencyMachine** | 0.0000 | 


| State.name | standby | alert | shutdown |
|---|---|---|---|
| **standby** | 0.0000 | 0.2913 | 0.2437 | 
| **alert** | 0.2913 | 0.0000 | 0.3017 | 
| **shutdown** | 0.2437 | 0.3017 | 0.0000 | 


| Transition.name | standbyToAlert | alertToShutdown |
|---|---|---|
| **standbyToAlert** | 0.0000 | 0.1580 | 
| **alertToShutdown** | 0.1580 | 0.0000 | 


### gen5

| StateMachine.name | securityMachine |
|---|---|
| **securityMachine** | 0.0000 | 


| State.name | locked | unlocked |
|---|---|---|
| **locked** | 0.0000 | 0.0870 | 
| **unlocked** | 0.0870 | 0.0000 | 


| Transition.name | lockToUnlock | unlockToLock |
|---|---|---|
| **lockToUnlock** | 0.0000 | 0.0198 | 
| **unlockToLock** | 0.0198 | 0.0000 | 


### gen6

| StateMachine.name | maintenanceMachine |
|---|---|
| **maintenanceMachine** | 0.0000 | 


| State.name | off | maintaining | resetting |
|---|---|---|---|
| **off** | 0.0000 | 0.3213 | 0.2633 | 
| **maintaining** | 0.3213 | 0.0000 | 0.2525 | 
| **resetting** | 0.2633 | 0.2525 | 0.0000 | 


| Transition.name | offToMaintain | maintainToReset | resetToOff |
|---|---|---|---|
| **offToMaintain** | 0.0000 | 0.1147 | 0.1675 | 
| **maintainToReset** | 0.1147 | 0.0000 | 0.1274 | 
| **resetToOff** | 0.1675 | 0.1274 | 0.0000 | 


### gen7

| StateMachine.name | workflowMachine |
|---|---|
| **workflowMachine** | 0.0000 | 


| State.name | initialized | processing | completed |
|---|---|---|---|
| **initialized** | 0.0000 | 0.3199 | 0.2748 | 
| **processing** | 0.3199 | 0.0000 | 0.2980 | 
| **completed** | 0.2748 | 0.2980 | 0.0000 | 


| Transition.name | initToProcess | processToComplete |
|---|---|---|
| **initToProcess** | 0.0000 | 0.1770 | 
| **processToComplete** | 0.1770 | 0.0000 | 


### gen8

| StateMachine.name | productionMachine |
|---|---|
| **productionMachine** | 0.0000 | 


| State.name | draft | review | approved |
|---|---|---|---|
| **draft** | 0.0000 | 0.3157 | 0.2665 | 
| **review** | 0.3157 | 0.0000 | 0.2569 | 
| **approved** | 0.2665 | 0.2569 | 0.0000 | 


| Transition.name | draftToReview | reviewToApproved | approvedToDraft |
|---|---|---|---|
| **draftToReview** | 0.0000 | 0.1384 | 0.1066 | 
| **reviewToApproved** | 0.1384 | 0.0000 | 0.1348 | 
| **approvedToDraft** | 0.1066 | 0.1348 | 0.0000 | 


### gen9

| StateMachine.name | cycleMachine |
|---|---|
| **cycleMachine** | 0.0000 | 


| State.name | beginning | middle | end |
|---|---|---|---|
| **beginning** | 0.0000 | 0.2736 | 0.2120 | 
| **middle** | 0.2736 | 0.0000 | 0.2743 | 
| **end** | 0.2120 | 0.2743 | 0.0000 | 


| Transition.name | beginToMiddle | middleToEnd | endToBegin |
|---|---|---|---|
| **beginToMiddle** | 0.0000 | 0.0693 | 0.1212 | 
| **middleToEnd** | 0.0693 | 0.0000 | 0.0946 | 
| **endToBegin** | 0.1212 | 0.0946 | 0.0000 | 


### gen10

| StateMachine.name | escalationMachine |
|---|---|
| **escalationMachine** | 0.0000 | 


| State.name | lowPriority | mediumPriority | highPriority |
|---|---|---|---|
| **lowPriority** | 0.0000 | 0.0817 | 0.0702 | 
| **mediumPriority** | 0.0817 | 0.0000 | 0.0808 | 
| **highPriority** | 0.0702 | 0.0808 | 0.0000 | 


| Transition.name | lowToMedium | mediumToHigh | highToLow |
|---|---|---|---|
| **lowToMedium** | 0.0000 | 0.0585 | 0.0932 | 
| **mediumToHigh** | 0.0585 | 0.0000 | 0.1236 | 
| **highToLow** | 0.0932 | 0.1236 | 0.0000 | 


### gen11

| StateMachine.name | inspectionMachine |
|---|---|
| **inspectionMachine** | 0.0000 | 


| State.name | scheduled | inProgress | completed |
|---|---|---|---|
| **scheduled** | 0.0000 | 0.3132 | 0.2899 | 
| **inProgress** | 0.3132 | 0.0000 | 0.2310 | 
| **completed** | 0.2899 | 0.2310 | 0.0000 | 


| Transition.name | scheduleToInProgress | inProgressToComplete |
|---|---|---|
| **scheduleToInProgress** | 0.0000 | 0.0953 | 
| **inProgressToComplete** | 0.0953 | 0.0000 | 


### gen12

| StateMachine.name | clearingMachine |
|---|---|
| **clearingMachine** | 0.0000 | 


| State.name | pendingClearance | clearing | cleared |
|---|---|---|---|
| **pendingClearance** | 0.0000 | 0.1427 | 0.1565 | 
| **clearing** | 0.1427 | 0.0000 | 0.0783 | 
| **cleared** | 0.1565 | 0.0783 | 0.0000 | 


| Transition.name | pendingToClearing | clearingToCleared | clearedToPending |
|---|---|---|---|
| **pendingToClearing** | 0.0000 | 0.0826 | 0.0732 | 
| **clearingToCleared** | 0.0826 | 0.0000 | 0.0874 | 
| **clearedToPending** | 0.0732 | 0.0874 | 0.0000 | 


### gen13

| StateMachine.name | auditMachine |
|---|---|
| **auditMachine** | 0.0000 | 


| State.name | preAudit | auditInProgress | postAudit |
|---|---|---|---|
| **preAudit** | 0.0000 | 0.1591 | 0.1218 | 
| **auditInProgress** | 0.1591 | 0.0000 | 0.1687 | 
| **postAudit** | 0.1218 | 0.1687 | 0.0000 | 


| Transition.name | preToInProgress | inProgressToPost |
|---|---|---|
| **preToInProgress** | 0.0000 | 0.0876 | 
| **inProgressToPost** | 0.0876 | 0.0000 | 


### gen14

| StateMachine.name | assignmentMachine |
|---|---|
| **assignmentMachine** | 0.0000 | 


| State.name | notAssigned | assigned | completedAssignment |
|---|---|---|---|
| **notAssigned** | 0.0000 | 0.1285 | 0.1733 | 
| **assigned** | 0.1285 | 0.0000 | 0.1576 | 
| **completedAssignment** | 0.1733 | 0.1576 | 0.0000 | 


| Transition.name | assign | completeAssignment | returnToNotAssigned |
|---|---|---|---|
| **assign** | 0.0000 | 0.1364 | 0.1832 | 
| **completeAssignment** | 0.1364 | 0.0000 | 0.1930 | 
| **returnToNotAssigned** | 0.1832 | 0.1930 | 0.0000 | 


### gen15

| StateMachine.name | notificationMachine |
|---|---|
| **notificationMachine** | 0.0000 | 


| State.name | unread | read |
|---|---|---|
| **unread** | 0.0000 | 0.1655 | 
| **read** | 0.1655 | 0.0000 | 


| Transition.name | markAsRead | markAsUnread |
|---|---|---|
| **markAsRead** | 0.0000 | 0.0526 | 
| **markAsUnread** | 0.0526 | 0.0000 | 


### gen16

| StateMachine.name | authorizationMachine |
|---|---|
| **authorizationMachine** | 0.0000 | 


| State.name | pendingAuthorization | authorized | rejected |
|---|---|---|---|
| **pendingAuthorization** | 0.0000 | 0.1750 | 0.2726 | 
| **authorized** | 0.1750 | 0.0000 | 0.2842 | 
| **rejected** | 0.2726 | 0.2842 | 0.0000 | 


| Transition.name | authorize | reject |
|---|---|---|
| **authorize** | 0.0000 | 0.3177 | 
| **reject** | 0.3177 | 0.0000 | 


### gen17

| StateMachine.name | backupScheduleMachine |
|---|---|
| **backupScheduleMachine** | 0.0000 | 


| State.name | notScheduled | scheduledBackup | backupInProgress | backupComplete |
|---|---|---|---|---|
| **notScheduled** | 0.0000 | 0.2447 | 0.3095 | 0.3137 | 
| **scheduledBackup** | 0.2447 | 0.0000 | 0.1875 | 0.1731 | 
| **backupInProgress** | 0.3095 | 0.1875 | 0.0000 | 0.1276 | 
| **backupComplete** | 0.3137 | 0.1731 | 0.1276 | 0.0000 | 


| Transition.name | scheduleBackup | startBackup | completeBackup | resetToNotScheduled |
|---|---|---|---|---|
| **scheduleBackup** | 0.0000 | 0.1404 | 0.1696 | 0.1923 | 
| **startBackup** | 0.1404 | 0.0000 | 0.1620 | 0.2841 | 
| **completeBackup** | 0.1696 | 0.1620 | 0.0000 | 0.3108 | 
| **resetToNotScheduled** | 0.1923 | 0.2841 | 0.3108 | 0.0000 | 


### gen18

| StateMachine.name | taskManagementMachine |
|---|---|
| **taskManagementMachine** | 0.0000 | 


| State.name | open | inProgress | awaitingReview | closed |
|---|---|---|---|---|
| **open** | 0.0000 | 0.2941 | 0.3232 | 0.1782 | 
| **inProgress** | 0.2941 | 0.0000 | 0.2248 | 0.3033 | 
| **awaitingReview** | 0.3232 | 0.2248 | 0.0000 | 0.3121 | 
| **closed** | 0.1782 | 0.3033 | 0.3121 | 0.0000 | 


| Transition.name | startTask | submitForReview | approveAndClose | reopenTask |
|---|---|---|---|---|
| **startTask** | 0.0000 | 0.3073 | 0.2892 | 0.1176 | 
| **submitForReview** | 0.3073 | 0.0000 | 0.2340 | 0.3093 | 
| **approveAndClose** | 0.2892 | 0.2340 | 0.0000 | 0.2729 | 
| **reopenTask** | 0.1176 | 0.3093 | 0.2729 | 0.0000 | 


### gen19

| StateMachine.name | orderProcessingMachine |
|---|---|
| **orderProcessingMachine** | 0.0000 | 


| State.name | orderPlaced | orderConfirmed | orderShipped | orderDelivered |
|---|---|---|---|---|
| **orderPlaced** | 0.0000 | 0.1023 | 0.1186 | 0.1165 | 
| **orderConfirmed** | 0.1023 | 0.0000 | 0.1347 | 0.1269 | 
| **orderShipped** | 0.1186 | 0.1347 | 0.0000 | 0.0869 | 
| **orderDelivered** | 0.1165 | 0.1269 | 0.0869 | 0.0000 | 


| Transition.name | confirmOrder | shipOrder | deliverOrder | returnOrder |
|---|---|---|---|---|
| **confirmOrder** | 0.0000 | 0.1494 | 0.1489 | 0.1552 | 
| **shipOrder** | 0.1494 | 0.0000 | 0.1189 | 0.1272 | 
| **deliverOrder** | 0.1489 | 0.1189 | 0.0000 | 0.1433 | 
| **returnOrder** | 0.1552 | 0.1272 | 0.1433 | 0.0000 | 


### gen20

| StateMachine.name | resourceAllocationMachine |
|---|---|
| **resourceAllocationMachine** | 0.0000 | 


| State.name | notAllocated | allocated | inUse | released |
|---|---|---|---|---|
| **notAllocated** | 0.0000 | 0.1315 | 0.2582 | 0.3026 | 
| **allocated** | 0.1315 | 0.0000 | 0.2742 | 0.2592 | 
| **inUse** | 0.2582 | 0.2742 | 0.0000 | 0.2944 | 
| **released** | 0.3026 | 0.2592 | 0.2944 | 0.0000 | 


| Transition.name | allocateResource | startUsingResource | releaseResource | deallocateResource |
|---|---|---|---|---|
| **allocateResource** | 0.0000 | 0.1402 | 0.1278 | 0.1106 | 
| **startUsingResource** | 0.1402 | 0.0000 | 0.1508 | 0.1598 | 
| **releaseResource** | 0.1278 | 0.1508 | 0.0000 | 0.1080 | 
| **deallocateResource** | 0.1106 | 0.1598 | 0.1080 | 0.0000 | 


### gen21

| StateMachine.name | userAccountMachine |
|---|---|
| **userAccountMachine** | 0.0000 | 


| State.name | inactive | active | suspended | closed |
|---|---|---|---|---|
| **inactive** | 0.0000 | 0.1258 | 0.2229 | 0.2063 | 
| **active** | 0.1258 | 0.0000 | 0.2890 | 0.2864 | 
| **suspended** | 0.2229 | 0.2890 | 0.0000 | 0.2616 | 
| **closed** | 0.2063 | 0.2864 | 0.2616 | 0.0000 | 


| Transition.name | activateAccount | suspendAccount | closeAccount | reactivateAccount |
|---|---|---|---|---|
| **activateAccount** | 0.0000 | 0.1891 | 0.2174 | 0.1176 | 
| **suspendAccount** | 0.1891 | 0.0000 | 0.1498 | 0.1637 | 
| **closeAccount** | 0.2174 | 0.1498 | 0.0000 | 0.2006 | 
| **reactivateAccount** | 0.1176 | 0.1637 | 0.2006 | 0.0000 | 


### gen22

| StateMachine.name | developmentCycleMachine |
|---|---|
| **developmentCycleMachine** | 0.0000 | 


| State.name | idea | development | testing | deployment |
|---|---|---|---|---|
| **idea** | 0.0000 | 0.3118 | 0.3457 | 0.3471 | 
| **development** | 0.3118 | 0.0000 | 0.2724 | 0.2753 | 
| **testing** | 0.3457 | 0.2724 | 0.0000 | 0.2839 | 
| **deployment** | 0.3471 | 0.2753 | 0.2839 | 0.0000 | 


| Transition.name | moveToDevelopment | moveToTesting | moveToDeployment | restartDevelopment |
|---|---|---|---|---|
| **moveToDevelopment** | 0.0000 | 0.1285 | 0.1324 | 0.1396 | 
| **moveToTesting** | 0.1285 | 0.0000 | 0.1215 | 0.2304 | 
| **moveToDeployment** | 0.1324 | 0.1215 | 0.0000 | 0.2417 | 
| **restartDevelopment** | 0.1396 | 0.2304 | 0.2417 | 0.0000 | 


### gen23

| StateMachine.name | energyManagementMachine |
|---|---|
| **energyManagementMachine** | 0.0000 | 


| State.name | idleMode | activeMode | energySavingMode | shutdown |
|---|---|---|---|---|
| **idleMode** | 0.0000 | 0.1366 | 0.1489 | 0.2745 | 
| **activeMode** | 0.1366 | 0.0000 | 0.1745 | 0.3391 | 
| **energySavingMode** | 0.1489 | 0.1745 | 0.0000 | 0.2984 | 
| **shutdown** | 0.2745 | 0.3391 | 0.2984 | 0.0000 | 


| Transition.name | activate | enterEnergySaving | shutdownSystem | restart |
|---|---|---|---|---|
| **activate** | 0.0000 | 0.3066 | 0.3269 | 0.2762 | 
| **enterEnergySaving** | 0.3066 | 0.0000 | 0.2955 | 0.3264 | 
| **shutdownSystem** | 0.3269 | 0.2955 | 0.0000 | 0.2654 | 
| **restart** | 0.2762 | 0.3264 | 0.2654 | 0.0000 | 


### gen24

| StateMachine.name | inventoryTrackingMachine |
|---|---|
| **inventoryTrackingMachine** | 0.0000 | 


| State.name | stocked | reserved | dispatched | restocked |
|---|---|---|---|---|
| **stocked** | 0.0000 | 0.2382 | 0.2754 | 0.1617 | 
| **reserved** | 0.2382 | 0.0000 | 0.2892 | 0.2672 | 
| **dispatched** | 0.2754 | 0.2892 | 0.0000 | 0.3091 | 
| **restocked** | 0.1617 | 0.2672 | 0.3091 | 0.0000 | 


| Transition.name | reserveItem | dispatchItem | restockItem | backToStock |
|---|---|---|---|---|
| **reserveItem** | 0.0000 | 0.2101 | 0.1583 | 0.2549 | 
| **dispatchItem** | 0.2101 | 0.0000 | 0.2082 | 0.2882 | 
| **restockItem** | 0.1583 | 0.2082 | 0.0000 | 0.1414 | 
| **backToStock** | 0.2549 | 0.2882 | 0.1414 | 0.0000 | 


### gen25

| StateMachine.name | bookingSystemMachine |
|---|---|
| **bookingSystemMachine** | 0.0000 | 


| State.name | available | booked | confirmed | canceled |
|---|---|---|---|---|
| **available** | 0.0000 | 0.2482 | 0.2910 | 0.3180 | 
| **booked** | 0.2482 | 0.0000 | 0.2415 | 0.2569 | 
| **confirmed** | 0.2910 | 0.2415 | 0.0000 | 0.2626 | 
| **canceled** | 0.3180 | 0.2569 | 0.2626 | 0.0000 | 


| Transition.name | bookResource | confirmBooking | cancelBooking | releaseResource |
|---|---|---|---|---|
| **bookResource** | 0.0000 | 0.2968 | 0.2982 | 0.1992 | 
| **confirmBooking** | 0.2968 | 0.0000 | 0.1387 | 0.3280 | 
| **cancelBooking** | 0.2982 | 0.1387 | 0.0000 | 0.2982 | 
| **releaseResource** | 0.1992 | 0.3280 | 0.2982 | 0.0000 | 


### gen26

| StateMachine.name | documentApprovalMachine |
|---|---|
| **documentApprovalMachine** | 0.0000 | 


| State.name | drafted | submitted | approved | rejected |
|---|---|---|---|---|
| **drafted** | 0.0000 | 0.2393 | 0.2383 | 0.2546 | 
| **submitted** | 0.2393 | 0.0000 | 0.1974 | 0.2145 | 
| **approved** | 0.2383 | 0.1974 | 0.0000 | 0.2147 | 
| **rejected** | 0.2546 | 0.2145 | 0.2147 | 0.0000 | 


| Transition.name | submitForApproval | approveDocument | rejectDocument | reviseDocument |
|---|---|---|---|---|
| **submitForApproval** | 0.0000 | 0.1222 | 0.2253 | 0.2438 | 
| **approveDocument** | 0.1222 | 0.0000 | 0.1404 | 0.1220 | 
| **rejectDocument** | 0.2253 | 0.1404 | 0.0000 | 0.1725 | 
| **reviseDocument** | 0.2438 | 0.1220 | 0.1725 | 0.0000 | 


### gen27

| StateMachine.name | manufacturingLineMachine |
|---|---|
| **manufacturingLineMachine** | 0.0000 | 


| State.name | waitingForMaterials | producing | qualityCheck | finishedGoods |
|---|---|---|---|---|
| **waitingForMaterials** | 0.0000 | 0.3018 | 0.2998 | 0.2455 | 
| **producing** | 0.3018 | 0.0000 | 0.3200 | 0.2578 | 
| **qualityCheck** | 0.2998 | 0.3200 | 0.0000 | 0.2581 | 
| **finishedGoods** | 0.2455 | 0.2578 | 0.2581 | 0.0000 | 


| Transition.name | startProduction | moveToQualityCheck | approveQuality | returnForRework |
|---|---|---|---|---|
| **startProduction** | 0.0000 | 0.2809 | 0.2861 | 0.3115 | 
| **moveToQualityCheck** | 0.2809 | 0.0000 | 0.1620 | 0.2476 | 
| **approveQuality** | 0.2861 | 0.1620 | 0.0000 | 0.2822 | 
| **returnForRework** | 0.3115 | 0.2476 | 0.2822 | 0.0000 | 


### gen28

| StateMachine.name | subscriptionServiceMachine |
|---|---|
| **subscriptionServiceMachine** | 0.0000 | 


| State.name | trial | activeSubscription | subscriptionPaused | canceledSubscription |
|---|---|---|---|---|
| **trial** | 0.0000 | 0.3405 | 0.3318 | 0.3459 | 
| **activeSubscription** | 0.3405 | 0.0000 | 0.1388 | 0.1508 | 
| **subscriptionPaused** | 0.3318 | 0.1388 | 0.0000 | 0.0973 | 
| **canceledSubscription** | 0.3459 | 0.1508 | 0.0973 | 0.0000 | 


| Transition.name | activateSubscription | pauseSubscription | cancelSubscription | resumeSubscription |
|---|---|---|---|---|
| **activateSubscription** | 0.0000 | 0.1401 | 0.1480 | 0.1254 | 
| **pauseSubscription** | 0.1401 | 0.0000 | 0.0632 | 0.0846 | 
| **cancelSubscription** | 0.1480 | 0.0632 | 0.0000 | 0.1181 | 
| **resumeSubscription** | 0.1254 | 0.0846 | 0.1181 | 0.0000 | 


### gen29

| StateMachine.name | membershipManagementMachine |
|---|---|
| **membershipManagementMachine** | 0.0000 | 


| State.name | notEnrolled | enrolled | suspended | terminated |
|---|---|---|---|---|
| **notEnrolled** | 0.0000 | 0.1295 | 0.2856 | 0.2645 | 
| **enrolled** | 0.1295 | 0.0000 | 0.2917 | 0.2861 | 
| **suspended** | 0.2856 | 0.2917 | 0.0000 | 0.2121 | 
| **terminated** | 0.2645 | 0.2861 | 0.2121 | 0.0000 | 


| Transition.name | enrollMember | suspendMembership | terminateMembership | reactivateMembership |
|---|---|---|---|---|
| **enrollMember** | 0.0000 | 0.1794 | 0.1511 | 0.1702 | 
| **suspendMembership** | 0.1794 | 0.0000 | 0.0723 | 0.1414 | 
| **terminateMembership** | 0.1511 | 0.0723 | 0.0000 | 0.1503 | 
| **reactivateMembership** | 0.1702 | 0.1414 | 0.1503 | 0.0000 | 


### gen30

| StateMachine.name | paymentProcessingMachine |
|---|---|
| **paymentProcessingMachine** | 0.0000 | 


| State.name | paymentPending | paymentProcessing | paymentSuccessful | paymentFailed |
|---|---|---|---|---|
| **paymentPending** | 0.0000 | 0.1540 | 0.1621 | 0.1501 | 
| **paymentProcessing** | 0.1540 | 0.0000 | 0.1808 | 0.1987 | 
| **paymentSuccessful** | 0.1621 | 0.1808 | 0.0000 | 0.1564 | 
| **paymentFailed** | 0.1501 | 0.1987 | 0.1564 | 0.0000 | 


| Transition.name | startProcessing | completePayment | failPayment | retryPayment |
|---|---|---|---|---|
| **startProcessing** | 0.0000 | 0.2618 | 0.3279 | 0.3098 | 
| **completePayment** | 0.2618 | 0.0000 | 0.1674 | 0.1668 | 
| **failPayment** | 0.3279 | 0.1674 | 0.0000 | 0.0985 | 
| **retryPayment** | 0.3098 | 0.1668 | 0.0985 | 0.0000 | 


### ALL Gen detailed

| StateMachine.name | mainStateMachine | secondaryMachine | auxiliaryMachine | backupMachine | emergencyMachine | securityMachine | maintenanceMachine | workflowMachine | productionMachine | cycleMachine | escalationMachine | inspectionMachine | clearingMachine | auditMachine | assignmentMachine | notificationMachine | authorizationMachine | backupScheduleMachine | taskManagementMachine | orderProcessingMachine | resourceAllocationMachine | userAccountMachine | developmentCycleMachine | energyManagementMachine | inventoryTrackingMachine | bookingSystemMachine | documentApprovalMachine | manufacturingLineMachine | subscriptionServiceMachine | membershipManagementMachine | paymentProcessingMachine |
|---|---|---|---|---|---|---|---|---|---|---|---|---|---|---|---|---|---|---|---|---|---|---|---|---|---|---|---|---|---|---|---|
| **mainStateMachine** | 0.0000 | 0.1718 | 0.2205 | 0.2208 | 0.2422 | 0.1961 | 0.2123 | 0.2282 | 0.2065 | 0.2410 | 0.2291 | 0.2632 | 0.2191 | 0.2394 | 0.2256 | 0.2206 | 0.2179 | 0.2387 | 0.2131 | 0.2417 | 0.2039 | 0.1968 | 0.2280 | 0.2116 | 0.2418 | 0.2287 | 0.2537 | 0.2402 | 0.2176 | 0.2142 | 0.2329 | 
| **secondaryMachine** | 0.1718 | 0.0000 | 0.0895 | 0.1671 | 0.2148 | 0.1855 | 0.1971 | 0.2376 | 0.1831 | 0.2214 | 0.2439 | 0.2417 | 0.2069 | 0.2224 | 0.2101 | 0.2220 | 0.2345 | 0.1870 | 0.2209 | 0.2101 | 0.2122 | 0.1987 | 0.2326 | 0.2333 | 0.2318 | 0.2287 | 0.2501 | 0.2386 | 0.2315 | 0.2412 | 0.2423 | 
| **auxiliaryMachine** | 0.2205 | 0.0895 | 0.0000 | 0.1953 | 0.1822 | 0.1974 | 0.1766 | 0.2444 | 0.1803 | 0.2067 | 0.2233 | 0.2251 | 0.2089 | 0.1996 | 0.2013 | 0.2093 | 0.2221 | 0.2268 | 0.2194 | 0.2126 | 0.2076 | 0.2115 | 0.2373 | 0.2283 | 0.2267 | 0.2372 | 0.2377 | 0.2253 | 0.2473 | 0.2405 | 0.2438 | 
| **backupMachine** | 0.2208 | 0.1671 | 0.1953 | 0.0000 | 0.1999 | 0.1716 | 0.1904 | 0.1975 | 0.2010 | 0.2117 | 0.2454 | 0.2378 | 0.2058 | 0.1861 | 0.2308 | 0.2124 | 0.2185 | 0.0798 | 0.1970 | 0.2319 | 0.2258 | 0.1818 | 0.2366 | 0.2056 | 0.2070 | 0.2158 | 0.2338 | 0.2376 | 0.2266 | 0.2087 | 0.2429 | 
| **emergencyMachine** | 0.2422 | 0.2148 | 0.1822 | 0.1999 | 0.0000 | 0.1682 | 0.1717 | 0.2456 | 0.2083 | 0.2045 | 0.1511 | 0.2035 | 0.2079 | 0.2246 | 0.2086 | 0.2026 | 0.2464 | 0.2547 | 0.2272 | 0.2278 | 0.2445 | 0.2458 | 0.2558 | 0.1859 | 0.2379 | 0.2279 | 0.2335 | 0.2329 | 0.2639 | 0.2298 | 0.2453 | 
| **securityMachine** | 0.1961 | 0.1855 | 0.1974 | 0.1716 | 0.1682 | 0.0000 | 0.1695 | 0.1986 | 0.1845 | 0.1847 | 0.1827 | 0.1765 | 0.1769 | 0.1524 | 0.1872 | 0.1768 | 0.1475 | 0.2172 | 0.1944 | 0.2082 | 0.2070 | 0.1663 | 0.2135 | 0.1804 | 0.2027 | 0.1980 | 0.1971 | 0.2177 | 0.2040 | 0.1784 | 0.1976 | 
| **maintenanceMachine** | 0.2123 | 0.1971 | 0.1766 | 0.1904 | 0.1717 | 0.1695 | 0.0000 | 0.2049 | 0.1562 | 0.1928 | 0.2098 | 0.1367 | 0.1637 | 0.1843 | 0.1959 | 0.2003 | 0.2193 | 0.2144 | 0.1745 | 0.1956 | 0.2186 | 0.2218 | 0.2075 | 0.1773 | 0.1838 | 0.2012 | 0.2033 | 0.1737 | 0.2071 | 0.1918 | 0.2200 | 
| **workflowMachine** | 0.2282 | 0.2376 | 0.2444 | 0.1975 | 0.2456 | 0.1986 | 0.2049 | 0.0000 | 0.1886 | 0.1747 | 0.2083 | 0.2238 | 0.2235 | 0.2163 | 0.1880 | 0.1720 | 0.1939 | 0.2221 | 0.1490 | 0.2023 | 0.2027 | 0.1999 | 0.2012 | 0.2057 | 0.2195 | 0.2144 | 0.1724 | 0.2258 | 0.2041 | 0.2071 | 0.2150 | 
| **productionMachine** | 0.2065 | 0.1831 | 0.1803 | 0.2010 | 0.2083 | 0.1845 | 0.1562 | 0.1886 | 0.0000 | 0.1958 | 0.2306 | 0.1769 | 0.2084 | 0.1980 | 0.1900 | 0.2026 | 0.2154 | 0.2435 | 0.2161 | 0.1484 | 0.1919 | 0.2250 | 0.1667 | 0.2144 | 0.1894 | 0.2123 | 0.2045 | 0.1328 | 0.2210 | 0.2296 | 0.1964 | 
| **cycleMachine** | 0.2410 | 0.2214 | 0.2067 | 0.2117 | 0.2045 | 0.1847 | 0.1928 | 0.1747 | 0.1958 | 0.0000 | 0.2109 | 0.2095 | 0.1960 | 0.1967 | 0.1961 | 0.2003 | 0.2212 | 0.2449 | 0.2161 | 0.2059 | 0.2260 | 0.2142 | 0.1333 | 0.2020 | 0.2315 | 0.2198 | 0.2270 | 0.2163 | 0.2216 | 0.2057 | 0.2323 | 
| **escalationMachine** | 0.2291 | 0.2439 | 0.2233 | 0.2454 | 0.1511 | 0.1827 | 0.2098 | 0.2083 | 0.2306 | 0.2109 | 0.0000 | 0.2388 | 0.2167 | 0.2296 | 0.1938 | 0.1876 | 0.1947 | 0.2651 | 0.2099 | 0.2364 | 0.2279 | 0.2144 | 0.2335 | 0.2097 | 0.2474 | 0.2253 | 0.2174 | 0.2444 | 0.2345 | 0.2125 | 0.2403 | 
| **inspectionMachine** | 0.2632 | 0.2417 | 0.2251 | 0.2378 | 0.2035 | 0.1765 | 0.1367 | 0.2238 | 0.1769 | 0.2095 | 0.2388 | 0.0000 | 0.2142 | 0.1585 | 0.2020 | 0.2263 | 0.2328 | 0.2795 | 0.2336 | 0.2029 | 0.2558 | 0.2485 | 0.2225 | 0.2250 | 0.1589 | 0.2213 | 0.1911 | 0.1861 | 0.2496 | 0.2326 | 0.2208 | 
| **clearingMachine** | 0.2191 | 0.2069 | 0.2089 | 0.2058 | 0.2079 | 0.1769 | 0.1637 | 0.2235 | 0.2084 | 0.1960 | 0.2167 | 0.2142 | 0.0000 | 0.2012 | 0.1948 | 0.1934 | 0.1998 | 0.2375 | 0.2030 | 0.1847 | 0.2125 | 0.2154 | 0.2265 | 0.2189 | 0.2098 | 0.2027 | 0.2152 | 0.2227 | 0.2371 | 0.2164 | 0.1956 | 
| **auditMachine** | 0.2394 | 0.2224 | 0.1996 | 0.1861 | 0.2246 | 0.1524 | 0.1843 | 0.2163 | 0.1980 | 0.1967 | 0.2296 | 0.1585 | 0.2012 | 0.0000 | 0.1999 | 0.2027 | 0.1678 | 0.2239 | 0.2091 | 0.2215 | 0.2166 | 0.1681 | 0.2090 | 0.2245 | 0.2003 | 0.2099 | 0.1737 | 0.2468 | 0.2310 | 0.2170 | 0.2252 | 
| **assignmentMachine** | 0.2256 | 0.2101 | 0.2013 | 0.2308 | 0.2086 | 0.1872 | 0.1959 | 0.1880 | 0.1900 | 0.1961 | 0.1938 | 0.2020 | 0.1948 | 0.1999 | 0.0000 | 0.1945 | 0.1775 | 0.2416 | 0.1600 | 0.2090 | 0.1582 | 0.1999 | 0.2180 | 0.2236 | 0.2061 | 0.1977 | 0.1941 | 0.2224 | 0.2171 | 0.2074 | 0.2269 | 
| **notificationMachine** | 0.2206 | 0.2220 | 0.2093 | 0.2124 | 0.2026 | 0.1768 | 0.2003 | 0.1720 | 0.2026 | 0.2003 | 0.1876 | 0.2263 | 0.1934 | 0.2027 | 0.1945 | 0.0000 | 0.1902 | 0.2208 | 0.1665 | 0.2143 | 0.2016 | 0.1999 | 0.2185 | 0.2139 | 0.2117 | 0.1998 | 0.1929 | 0.2418 | 0.1780 | 0.1980 | 0.2247 | 
| **authorizationMachine** | 0.2179 | 0.2345 | 0.2221 | 0.2185 | 0.2464 | 0.1475 | 0.2193 | 0.1939 | 0.2154 | 0.2212 | 0.1947 | 0.2328 | 0.1998 | 0.1678 | 0.1775 | 0.1902 | 0.0000 | 0.2396 | 0.1903 | 0.2167 | 0.1722 | 0.1470 | 0.2206 | 0.2142 | 0.2387 | 0.1882 | 0.1471 | 0.2519 | 0.1919 | 0.1695 | 0.1909 | 
| **backupScheduleMachine** | 0.2387 | 0.1870 | 0.2268 | 0.0798 | 0.2547 | 0.2172 | 0.2144 | 0.2221 | 0.2435 | 0.2449 | 0.2651 | 0.2795 | 0.2375 | 0.2239 | 0.2416 | 0.2208 | 0.2396 | 0.0000 | 0.1840 | 0.2437 | 0.2179 | 0.2167 | 0.2490 | 0.2406 | 0.2382 | 0.1872 | 0.2552 | 0.2681 | 0.2014 | 0.2355 | 0.2614 | 
| **taskManagementMachine** | 0.2131 | 0.2209 | 0.2194 | 0.1970 | 0.2272 | 0.1944 | 0.1745 | 0.1490 | 0.2161 | 0.2161 | 0.2099 | 0.2336 | 0.2030 | 0.2091 | 0.1600 | 0.1665 | 0.1903 | 0.1840 | 0.0000 | 0.2040 | 0.1531 | 0.1916 | 0.2060 | 0.1553 | 0.1878 | 0.1877 | 0.1920 | 0.2371 | 0.1975 | 0.1604 | 0.2079 | 
| **orderProcessingMachine** | 0.2417 | 0.2101 | 0.2126 | 0.2319 | 0.2278 | 0.2082 | 0.1956 | 0.2023 | 0.1484 | 0.2059 | 0.2364 | 0.2029 | 0.1847 | 0.2215 | 0.2090 | 0.2143 | 0.2167 | 0.2437 | 0.2040 | 0.0000 | 0.2063 | 0.2386 | 0.2086 | 0.2214 | 0.1800 | 0.1823 | 0.1865 | 0.1829 | 0.2168 | 0.2285 | 0.1248 | 
| **resourceAllocationMachine** | 0.2039 | 0.2122 | 0.2076 | 0.2258 | 0.2445 | 0.2070 | 0.2186 | 0.2027 | 0.1919 | 0.2260 | 0.2279 | 0.2558 | 0.2125 | 0.2166 | 0.1582 | 0.2016 | 0.1722 | 0.2179 | 0.1531 | 0.2063 | 0.0000 | 0.1857 | 0.2030 | 0.1856 | 0.2017 | 0.1931 | 0.2091 | 0.2328 | 0.2052 | 0.1994 | 0.2097 | 
| **userAccountMachine** | 0.1968 | 0.1987 | 0.2115 | 0.1818 | 0.2458 | 0.1663 | 0.2218 | 0.1999 | 0.2250 | 0.2142 | 0.2144 | 0.2485 | 0.2154 | 0.1681 | 0.1999 | 0.1999 | 0.1470 | 0.2167 | 0.1916 | 0.2386 | 0.1857 | 0.0000 | 0.2237 | 0.2237 | 0.2372 | 0.2194 | 0.1993 | 0.2580 | 0.1954 | 0.1815 | 0.2353 | 
| **developmentCycleMachine** | 0.2280 | 0.2326 | 0.2373 | 0.2366 | 0.2558 | 0.2135 | 0.2075 | 0.2012 | 0.1667 | 0.1333 | 0.2335 | 0.2225 | 0.2265 | 0.2090 | 0.2180 | 0.2185 | 0.2206 | 0.2490 | 0.2060 | 0.2086 | 0.2030 | 0.2237 | 0.0000 | 0.2375 | 0.2421 | 0.2291 | 0.1991 | 0.2161 | 0.2351 | 0.2309 | 0.2156 | 
| **energyManagementMachine** | 0.2116 | 0.2333 | 0.2283 | 0.2056 | 0.1859 | 0.1804 | 0.1773 | 0.2057 | 0.2144 | 0.2020 | 0.2097 | 0.2250 | 0.2189 | 0.2245 | 0.2236 | 0.2139 | 0.2142 | 0.2406 | 0.1553 | 0.2214 | 0.1856 | 0.2237 | 0.2375 | 0.0000 | 0.1944 | 0.2033 | 0.2140 | 0.2245 | 0.2321 | 0.1684 | 0.2160 | 
| **inventoryTrackingMachine** | 0.2418 | 0.2318 | 0.2267 | 0.2070 | 0.2379 | 0.2027 | 0.1838 | 0.2195 | 0.1894 | 0.2315 | 0.2474 | 0.1589 | 0.2098 | 0.2003 | 0.2061 | 0.2117 | 0.2387 | 0.2382 | 0.1878 | 0.1800 | 0.2017 | 0.2372 | 0.2421 | 0.1944 | 0.0000 | 0.2074 | 0.2221 | 0.1800 | 0.2375 | 0.2158 | 0.2011 | 
| **bookingSystemMachine** | 0.2287 | 0.2287 | 0.2372 | 0.2158 | 0.2279 | 0.1980 | 0.2012 | 0.2144 | 0.2123 | 0.2198 | 0.2253 | 0.2213 | 0.2027 | 0.2099 | 0.1977 | 0.1998 | 0.1882 | 0.1872 | 0.1877 | 0.1823 | 0.1931 | 0.2194 | 0.2291 | 0.2033 | 0.2074 | 0.0000 | 0.2035 | 0.2259 | 0.1907 | 0.1825 | 0.1818 | 
| **documentApprovalMachine** | 0.2537 | 0.2501 | 0.2377 | 0.2338 | 0.2335 | 0.1971 | 0.2033 | 0.1724 | 0.2045 | 0.2270 | 0.2174 | 0.1911 | 0.2152 | 0.1737 | 0.1941 | 0.1929 | 0.1471 | 0.2552 | 0.1920 | 0.1865 | 0.2091 | 0.1993 | 0.1991 | 0.2140 | 0.2221 | 0.2035 | 0.0000 | 0.2289 | 0.2161 | 0.1948 | 0.1843 | 
| **manufacturingLineMachine** | 0.2402 | 0.2386 | 0.2253 | 0.2376 | 0.2329 | 0.2177 | 0.1737 | 0.2258 | 0.1328 | 0.2163 | 0.2444 | 0.1861 | 0.2227 | 0.2468 | 0.2224 | 0.2418 | 0.2519 | 0.2681 | 0.2371 | 0.1829 | 0.2328 | 0.2580 | 0.2161 | 0.2245 | 0.1800 | 0.2259 | 0.2289 | 0.0000 | 0.2464 | 0.2432 | 0.2284 | 
| **subscriptionServiceMachine** | 0.2176 | 0.2315 | 0.2473 | 0.2266 | 0.2639 | 0.2040 | 0.2071 | 0.2041 | 0.2210 | 0.2216 | 0.2345 | 0.2496 | 0.2371 | 0.2310 | 0.2171 | 0.1780 | 0.1919 | 0.2014 | 0.1975 | 0.2168 | 0.2052 | 0.1954 | 0.2351 | 0.2321 | 0.2375 | 0.1907 | 0.2161 | 0.2464 | 0.0000 | 0.1667 | 0.2085 | 
| **membershipManagementMachine** | 0.2142 | 0.2412 | 0.2405 | 0.2087 | 0.2298 | 0.1784 | 0.1918 | 0.2071 | 0.2296 | 0.2057 | 0.2125 | 0.2326 | 0.2164 | 0.2170 | 0.2074 | 0.1980 | 0.1695 | 0.2355 | 0.1604 | 0.2285 | 0.1994 | 0.1815 | 0.2309 | 0.1684 | 0.2158 | 0.1825 | 0.1948 | 0.2432 | 0.1667 | 0.0000 | 0.2090 | 
| **paymentProcessingMachine** | 0.2329 | 0.2423 | 0.2438 | 0.2429 | 0.2453 | 0.1976 | 0.2200 | 0.2150 | 0.1964 | 0.2323 | 0.2403 | 0.2208 | 0.1956 | 0.2252 | 0.2269 | 0.2247 | 0.1909 | 0.2614 | 0.2079 | 0.1248 | 0.2097 | 0.2353 | 0.2156 | 0.2160 | 0.2011 | 0.1818 | 0.1843 | 0.2284 | 0.2085 | 0.2090 | 0.0000 | 


| State.name | idle | active | paused | initial | waiting | running | finished | booting | operational | standby | alert | shutdown | locked | unlocked | off | maintaining | resetting | initialized | processing | completed | draft | review | approved | beginning | middle | end | lowPriority | mediumPriority | highPriority | scheduled | inProgress | completed | pendingClearance | clearing | cleared | preAudit | auditInProgress | postAudit | notAssigned | assigned | completedAssignment | unread | read | pendingAuthorization | authorized | rejected | notScheduled | scheduledBackup | backupInProgress | backupComplete | open | inProgress | awaitingReview | closed | orderPlaced | orderConfirmed | orderShipped | orderDelivered | notAllocated | allocated | inUse | released | inactive | active | suspended | closed | idea | development | testing | deployment | idleMode | activeMode | energySavingMode | shutdown | stocked | reserved | dispatched | restocked | available | booked | confirmed | canceled | drafted | submitted | approved | rejected | waitingForMaterials | producing | qualityCheck | finishedGoods | trial | activeSubscription | subscriptionPaused | canceledSubscription | notEnrolled | enrolled | suspended | terminated | paymentPending | paymentProcessing | paymentSuccessful | paymentFailed |
|---|---|---|---|---|---|---|---|---|---|---|---|---|---|---|---|---|---|---|---|---|---|---|---|---|---|---|---|---|---|---|---|---|---|---|---|---|---|---|---|---|---|---|---|---|---|---|---|---|---|---|---|---|---|---|---|---|---|---|---|---|---|---|---|---|---|---|---|---|---|---|---|---|---|---|---|---|---|---|---|---|---|---|---|---|---|---|---|---|---|---|---|---|---|---|---|---|---|---|---|---|---|---|
| **idle** | 0.0000 | 0.2363 | 0.1665 | 0.2856 | 0.2250 | 0.3101 | 0.2947 | 0.3115 | 0.2728 | 0.2045 | 0.3067 | 0.2523 | 0.2439 | 0.2823 | 0.2646 | 0.2988 | 0.3023 | 0.2649 | 0.3312 | 0.3054 | 0.3209 | 0.3393 | 0.3256 | 0.3202 | 0.3067 | 0.3076 | 0.2970 | 0.3168 | 0.3202 | 0.3131 | 0.2733 | 0.3054 | 0.3032 | 0.3188 | 0.3036 | 0.3529 | 0.3128 | 0.3513 | 0.2580 | 0.3178 | 0.3345 | 0.2601 | 0.3066 | 0.2999 | 0.3346 | 0.3319 | 0.2719 | 0.3461 | 0.3066 | 0.3177 | 0.2841 | 0.2733 | 0.2890 | 0.2605 | 0.3203 | 0.3527 | 0.3285 | 0.3427 | 0.2647 | 0.2994 | 0.2740 | 0.3074 | 0.1582 | 0.2363 | 0.2385 | 0.2605 | 0.3155 | 0.3535 | 0.3331 | 0.3127 | 0.0862 | 0.2458 | 0.2701 | 0.2523 | 0.3151 | 0.2631 | 0.3006 | 0.3445 | 0.3043 | 0.3245 | 0.3490 | 0.3220 | 0.3259 | 0.3230 | 0.3256 | 0.3319 | 0.2808 | 0.3231 | 0.3601 | 0.3389 | 0.3432 | 0.3036 | 0.2618 | 0.3551 | 0.2942 | 0.3263 | 0.2385 | 0.3201 | 0.2911 | 0.3600 | 0.3484 | 0.3647 | 
| **active** | 0.2363 | 0.0000 | 0.2610 | 0.2794 | 0.3179 | 0.2607 | 0.3163 | 0.3171 | 0.1925 | 0.2680 | 0.2771 | 0.3419 | 0.2787 | 0.2848 | 0.2868 | 0.2830 | 0.3290 | 0.2638 | 0.3052 | 0.2859 | 0.3268 | 0.3219 | 0.2870 | 0.3159 | 0.3107 | 0.3403 | 0.3248 | 0.3108 | 0.3027 | 0.2894 | 0.2527 | 0.2859 | 0.3012 | 0.3155 | 0.3004 | 0.3157 | 0.2730 | 0.3158 | 0.3067 | 0.3017 | 0.3239 | 0.3137 | 0.3246 | 0.3130 | 0.2827 | 0.3537 | 0.3090 | 0.3445 | 0.3108 | 0.3327 | 0.2661 | 0.2527 | 0.3053 | 0.2864 | 0.3280 | 0.3301 | 0.3176 | 0.3378 | 0.3097 | 0.2895 | 0.2517 | 0.2998 | 0.1258 | -0.0000 | 0.2890 | 0.2864 | 0.3363 | 0.3144 | 0.3218 | 0.3277 | 0.2596 | 0.1164 | 0.3040 | 0.3419 | 0.2992 | 0.2907 | 0.3220 | 0.3276 | 0.2249 | 0.3034 | 0.2985 | 0.3392 | 0.3263 | 0.3108 | 0.2870 | 0.3537 | 0.3267 | 0.3020 | 0.3399 | 0.3255 | 0.3260 | 0.1535 | 0.2938 | 0.3511 | 0.2863 | 0.2614 | 0.2890 | 0.3372 | 0.3138 | 0.3439 | 0.3146 | 0.3762 | 
| **paused** | 0.1665 | 0.2610 | 0.0000 | 0.3082 | 0.2161 | 0.3191 | 0.2665 | 0.3175 | 0.3037 | 0.2330 | 0.2997 | 0.2264 | 0.2300 | 0.2716 | 0.2709 | 0.2990 | 0.2572 | 0.2648 | 0.3076 | 0.2712 | 0.3159 | 0.3409 | 0.2960 | 0.2935 | 0.2899 | 0.2865 | 0.2954 | 0.2793 | 0.2894 | 0.2852 | 0.2392 | 0.2712 | 0.2672 | 0.3243 | 0.2893 | 0.3216 | 0.2683 | 0.3289 | 0.2691 | 0.3154 | 0.3216 | 0.2564 | 0.3024 | 0.2238 | 0.2926 | 0.3001 | 0.2552 | 0.3165 | 0.2495 | 0.2760 | 0.3051 | 0.2392 | 0.2576 | 0.2414 | 0.2735 | 0.2988 | 0.2976 | 0.3090 | 0.2701 | 0.3130 | 0.2814 | 0.2916 | 0.1941 | 0.2610 | 0.1852 | 0.2414 | 0.3383 | 0.3436 | 0.3211 | 0.3255 | 0.1750 | 0.2328 | 0.2565 | 0.2264 | 0.3046 | 0.2719 | 0.2799 | 0.3100 | 0.3182 | 0.3105 | 0.3022 | 0.2309 | 0.3038 | 0.2946 | 0.2960 | 0.3001 | 0.2582 | 0.3379 | 0.3227 | 0.3280 | 0.3167 | 0.2891 | 0.1307 | 0.2718 | 0.2897 | 0.3082 | 0.1852 | 0.2724 | 0.2203 | 0.3195 | 0.3053 | 0.2974 | 
| **initial** | 0.2856 | 0.2794 | 0.3082 | 0.0000 | 0.3073 | 0.3179 | 0.3182 | 0.3207 | 0.2902 | 0.3151 | 0.3047 | 0.3336 | 0.3252 | 0.3116 | 0.3065 | 0.3265 | 0.3012 | 0.1274 | 0.3227 | 0.3056 | 0.2645 | 0.3216 | 0.2952 | 0.1403 | 0.3070 | 0.2874 | 0.2991 | 0.2984 | 0.2982 | 0.2912 | 0.2756 | 0.3056 | 0.3024 | 0.2921 | 0.3035 | 0.2739 | 0.3219 | 0.3293 | 0.3257 | 0.2987 | 0.3321 | 0.3287 | 0.3354 | 0.3212 | 0.3019 | 0.3456 | 0.3374 | 0.3590 | 0.3419 | 0.3336 | 0.2789 | 0.2756 | 0.3301 | 0.3281 | 0.3123 | 0.3135 | 0.3280 | 0.3335 | 0.3241 | 0.2944 | 0.2805 | 0.2991 | 0.2843 | 0.2794 | 0.3288 | 0.3281 | 0.3050 | 0.3045 | 0.3064 | 0.3123 | 0.3163 | 0.3006 | 0.3573 | 0.3336 | 0.3422 | 0.3060 | 0.3181 | 0.3586 | 0.3118 | 0.3325 | 0.3034 | 0.3494 | 0.3050 | 0.3001 | 0.2952 | 0.3456 | 0.3107 | 0.3118 | 0.3276 | 0.3153 | 0.2754 | 0.3179 | 0.3501 | 0.3580 | 0.3165 | 0.2866 | 0.3288 | 0.3076 | 0.3425 | 0.3539 | 0.3472 | 0.3724 | 
| **waiting** | 0.2250 | 0.3179 | 0.2161 | 0.3073 | 0.0000 | 0.3034 | 0.3019 | 0.3236 | 0.3217 | 0.2416 | 0.3120 | 0.3231 | 0.2623 | 0.3032 | 0.3280 | 0.3356 | 0.3250 | 0.3168 | 0.2791 | 0.3137 | 0.3133 | 0.3403 | 0.3083 | 0.2974 | 0.3171 | 0.3240 | 0.2949 | 0.3028 | 0.2896 | 0.2817 | 0.2535 | 0.3137 | 0.2359 | 0.2982 | 0.3278 | 0.3175 | 0.2967 | 0.3300 | 0.3043 | 0.3242 | 0.3538 | 0.2691 | 0.2904 | 0.2144 | 0.3443 | 0.3045 | 0.2786 | 0.3613 | 0.2954 | 0.3391 | 0.3146 | 0.2535 | 0.1855 | 0.2981 | 0.2901 | 0.2943 | 0.3099 | 0.3068 | 0.3133 | 0.3293 | 0.3089 | 0.3083 | 0.2807 | 0.3179 | 0.2706 | 0.2981 | 0.3501 | 0.3424 | 0.2977 | 0.3194 | 0.2790 | 0.3396 | 0.3465 | 0.3231 | 0.3121 | 0.2567 | 0.3019 | 0.3380 | 0.2967 | 0.3006 | 0.3116 | 0.3353 | 0.3302 | 0.3057 | 0.3083 | 0.3045 | 0.1381 | 0.3380 | 0.3433 | 0.3284 | 0.3097 | 0.3315 | 0.2768 | 0.3640 | 0.3321 | 0.3318 | 0.2706 | 0.3716 | 0.2142 | 0.3190 | 0.3376 | 0.3439 | 
| **running** | 0.3101 | 0.2607 | 0.3191 | 0.3179 | 0.3034 | 0.0000 | 0.3063 | 0.2960 | 0.2819 | 0.3154 | 0.3368 | 0.3089 | 0.3258 | 0.3319 | 0.2977 | 0.3022 | 0.3225 | 0.3413 | 0.3012 | 0.3301 | 0.3201 | 0.3101 | 0.3313 | 0.3062 | 0.3129 | 0.2999 | 0.3260 | 0.3262 | 0.3232 | 0.3187 | 0.3114 | 0.3301 | 0.3294 | 0.2999 | 0.3209 | 0.3487 | 0.3304 | 0.3520 | 0.3452 | 0.3320 | 0.3511 | 0.3233 | 0.2870 | 0.3539 | 0.3394 | 0.3333 | 0.3389 | 0.3527 | 0.3366 | 0.3479 | 0.2983 | 0.3114 | 0.3411 | 0.3282 | 0.3449 | 0.3634 | 0.3304 | 0.3338 | 0.3501 | 0.3473 | 0.3197 | 0.3189 | 0.3019 | 0.2607 | 0.3290 | 0.3282 | 0.3296 | 0.3233 | 0.2810 | 0.3091 | 0.3398 | 0.3238 | 0.3498 | 0.3089 | 0.3286 | 0.3407 | 0.3125 | 0.3518 | 0.3152 | 0.3304 | 0.3499 | 0.3328 | 0.3282 | 0.3251 | 0.3313 | 0.3333 | 0.3414 | 0.3197 | 0.3519 | 0.3318 | 0.3075 | 0.3330 | 0.3614 | 0.3739 | 0.3288 | 0.3257 | 0.3290 | 0.3104 | 0.3486 | 0.3488 | 0.3637 | 0.3751 | 
| **finished** | 0.2947 | 0.3163 | 0.2665 | 0.3182 | 0.3019 | 0.3063 | 0.0000 | 0.3412 | 0.3084 | 0.3279 | 0.3507 | 0.2514 | 0.2815 | 0.2655 | 0.2722 | 0.3088 | 0.2984 | 0.2863 | 0.2992 | 0.0531 | 0.3211 | 0.3095 | 0.2698 | 0.2901 | 0.3056 | 0.1407 | 0.3405 | 0.3394 | 0.3374 | 0.3072 | 0.2564 | 0.0531 | 0.2885 | 0.2709 | 0.2082 | 0.3684 | 0.3210 | 0.3024 | 0.2896 | 0.2981 | 0.1694 | 0.2841 | 0.3085 | 0.3309 | 0.3212 | 0.3042 | 0.2959 | 0.3789 | 0.3301 | 0.2026 | 0.2956 | 0.2564 | 0.3207 | 0.1972 | 0.2814 | 0.2637 | 0.2742 | 0.2400 | 0.3119 | 0.3174 | 0.3193 | 0.2240 | 0.2762 | 0.3163 | 0.2964 | 0.1972 | 0.3320 | 0.3375 | 0.3324 | 0.3159 | 0.3296 | 0.3339 | 0.3445 | 0.2514 | 0.2932 | 0.3049 | 0.2776 | 0.3065 | 0.3007 | 0.2704 | 0.2561 | 0.2659 | 0.3011 | 0.2336 | 0.2698 | 0.3042 | 0.3002 | 0.3100 | 0.3212 | 0.1595 | 0.3317 | 0.3404 | 0.3174 | 0.3115 | 0.2990 | 0.3036 | 0.2964 | 0.2233 | 0.3037 | 0.3446 | 0.2488 | 0.3285 | 
| **booting** | 0.3115 | 0.3171 | 0.3175 | 0.3207 | 0.3236 | 0.2960 | 0.3412 | 0.0000 | 0.3167 | 0.2900 | 0.3093 | 0.2970 | 0.2792 | 0.2965 | 0.3025 | 0.3291 | 0.2820 | 0.2981 | 0.3242 | 0.3599 | 0.3319 | 0.3540 | 0.3472 | 0.3014 | 0.3457 | 0.3343 | 0.3274 | 0.3368 | 0.3309 | 0.3377 | 0.3499 | 0.3599 | 0.3561 | 0.3093 | 0.3436 | 0.3224 | 0.3484 | 0.3429 | 0.3470 | 0.3319 | 0.3690 | 0.3606 | 0.3398 | 0.3429 | 0.3272 | 0.3378 | 0.3548 | 0.3239 | 0.3220 | 0.3181 | 0.3294 | 0.3499 | 0.3509 | 0.3639 | 0.3801 | 0.3703 | 0.3546 | 0.3666 | 0.3441 | 0.3519 | 0.3213 | 0.3327 | 0.3238 | 0.3171 | 0.3173 | 0.3639 | 0.3553 | 0.3537 | 0.2930 | 0.3133 | 0.3047 | 0.3052 | 0.3213 | 0.2970 | 0.3147 | 0.3555 | 0.3334 | 0.3586 | 0.3389 | 0.3171 | 0.3663 | 0.3450 | 0.3361 | 0.3661 | 0.3472 | 0.3378 | 0.3501 | 0.3606 | 0.3548 | 0.3534 | 0.3397 | 0.3507 | 0.3564 | 0.3680 | 0.3392 | 0.3450 | 0.3173 | 0.3158 | 0.3692 | 0.3662 | 0.3608 | 0.3647 | 
| **operational** | 0.2728 | 0.1925 | 0.3037 | 0.2902 | 0.3217 | 0.2819 | 0.3084 | 0.3167 | 0.0000 | 0.2570 | 0.3001 | 0.2732 | 0.2858 | 0.2986 | 0.2702 | 0.2502 | 0.3258 | 0.2786 | 0.2736 | 0.2766 | 0.3400 | 0.3352 | 0.2979 | 0.3369 | 0.3389 | 0.3466 | 0.3283 | 0.3389 | 0.3185 | 0.2923 | 0.2854 | 0.2766 | 0.3055 | 0.3035 | 0.2885 | 0.3213 | 0.2856 | 0.3081 | 0.3232 | 0.2819 | 0.3077 | 0.3399 | 0.3235 | 0.3310 | 0.2821 | 0.3721 | 0.3349 | 0.3377 | 0.3239 | 0.3133 | 0.2479 | 0.2854 | 0.3308 | 0.2772 | 0.3246 | 0.3224 | 0.3018 | 0.3037 | 0.3253 | 0.2717 | 0.2559 | 0.3018 | 0.2404 | 0.1925 | 0.2902 | 0.2772 | 0.3410 | 0.2954 | 0.3021 | 0.2232 | 0.3054 | 0.2416 | 0.3238 | 0.2732 | 0.2996 | 0.2970 | 0.2645 | 0.3363 | 0.2412 | 0.3170 | 0.3096 | 0.3774 | 0.3327 | 0.3188 | 0.2979 | 0.3721 | 0.3308 | 0.2796 | 0.3220 | 0.3062 | 0.3306 | 0.2659 | 0.3388 | 0.3865 | 0.3330 | 0.3106 | 0.2902 | 0.3258 | 0.3482 | 0.3216 | 0.3272 | 0.3786 | 
