# Simple


## AddressBook

### gen1

| city | New York | San Francisco | Chicago |
|---|---|---|---|
| **New York** | 1.0 | 0.5531845 | 0.52955854 | 
| **San Francisco** | 0.5531845 | 1.0 | 0.5419901 | 
| **Chicago** | 0.52955854 | 0.5419901 | 1.0 | 


| street | Broadway | Market Street | Michigan Avenue |
|---|---|---|---|
| **Broadway** | 1.0 | 0.41881913 | 0.5087114 | 
| **Market Street** | 0.41881913 | 1.0 | 0.5633556 | 
| **Michigan Avenue** | 0.5087114 | 0.5633556 | 1.0 | 


| name | John Doe | Acme Corp | Jane Smith | Mark Brown |
|---|---|---|---|---|
| **John Doe** | 1.0 | 0.4295742 | 0.4485335 | 0.35607344 | 
| **Acme Corp** | 0.4295742 | 1.0 | 0.3577486 | 0.27489614 | 
| **Jane Smith** | 0.4485335 | 0.3577486 | 1.0 | 0.46005297 | 
| **Mark Brown** | 0.35607344 | 0.27489614 | 0.46005297 | 1.0 | 


| comment | Discuss project milestones | Follow-up on proposal |
|---|---|---|
| **Discuss project milestones** | 1.0 | 0.50690746 | 
| **Follow-up on proposal** | 0.50690746 | 1.0 | 


| industry | Technology |
|---|---|
| **Technology** | 1.0 | 


| title | Software Engineer | Project Manager | Marketing Director |
|---|---|---|---|
| **Software Engineer** | 1.0 | 0.5414829 | 0.4438287 | 
| **Project Manager** | 0.5414829 | 1.0 | 0.5902433 | 
| **Marketing Director** | 0.4438287 | 0.5902433 | 1.0 | 


### gen2

| city | Los Angeles | Seattle |
|---|---|---|
| **Los Angeles** | 1.0 | 0.54564697 | 
| **Seattle** | 0.54564697 | 1.0 | 


| street | Sunset Boulevard | Pine Street |
|---|---|---|
| **Sunset Boulevard** | 1.0 | 0.39064202 | 
| **Pine Street** | 0.39064202 | 1.0 | 


| name | Tech Solutions | Alice Wong | Bob Carter |
|---|---|---|---|
| **Tech Solutions** | 1.0 | 0.2553176 | 0.24152803 | 
| **Alice Wong** | 0.2553176 | 1.0 | 0.35215482 | 
| **Bob Carter** | 0.24152803 | 0.35215482 | 1.0 | 


| comment | Sent quarterly earnings report | Reminder for annual strategic planning meeting |
|---|---|---|
| **Sent quarterly earnings report** | 1.0 | 0.3832027 | 
| **Reminder for annual strategic planning meeting** | 0.3832027 | 1.0 | 


| industry | Consulting |
|---|---|
| **Consulting** | 1.0 | 


| title | Chief Executive Officer | Operations Manager |
|---|---|---|
| **Chief Executive Officer** | 1.0 | 0.585352 | 
| **Operations Manager** | 0.585352 | 1.0 | 


### gen3

| city | Austin | Miami | Denver |
|---|---|---|---|
| **Austin** | 1.0 | 0.4715716 | 0.47639537 | 
| **Miami** | 0.4715716 | 1.0 | 0.5363393 | 
| **Denver** | 0.47639537 | 0.5363393 | 1.0 | 


| street | Congress Avenue | Biscayne Blvd | Energy Parkway |
|---|---|---|---|
| **Congress Avenue** | 1.0 | 0.5186859 | 0.46821877 | 
| **Biscayne Blvd** | 0.5186859 | 1.0 | 0.4579065 | 
| **Energy Parkway** | 0.46821877 | 0.4579065 | 1.0 | 


| name | Green Energy Inc. | David Lee | Sophia Kim |
|---|---|---|---|
| **Green Energy Inc.** | 1.0 | 0.35914928 | 0.30019817 | 
| **David Lee** | 0.35914928 | 1.0 | 0.456762 | 
| **Sophia Kim** | 0.30019817 | 0.456762 | 1.0 | 


| comment | Consulted on solar power expansion project | Submitted new design prototypes for review |
|---|---|---|
| **Consulted on solar power expansion project** | 1.0 | 0.39267814 | 
| **Submitted new design prototypes for review** | 0.39267814 | 1.0 | 


| industry | Renewable Energy |
|---|---|
| **Renewable Energy** | 1.0 | 


| title | Environmental Consultant | Graphic Designer |
|---|---|---|
| **Environmental Consultant** | 1.0 | 0.4898133 | 
| **Graphic Designer** | 0.4898133 | 1.0 | 


### gen4

| city | Phoenix | Charlotte | Houston |
|---|---|---|---|
| **Phoenix** | 1.0 | 0.4601489 | 0.5291931 | 
| **Charlotte** | 0.4601489 | 1.0 | 0.43465224 | 
| **Houston** | 0.5291931 | 0.43465224 | 1.0 | 


| street | Desert Drive | Elm Street | Construction Road |
|---|---|---|---|
| **Desert Drive** | 1.0 | 0.42347652 | 0.5148694 | 
| **Elm Street** | 0.42347652 | 1.0 | 0.3473724 | 
| **Construction Road** | 0.5148694 | 0.3473724 | 1.0 | 


| name | Urban Developers Ltd. | Michael Jones | Sarah Wilson |
|---|---|---|---|
| **Urban Developers Ltd.** | 1.0 | 0.26810274 | 0.27601948 | 
| **Michael Jones** | 0.26810274 | 1.0 | 0.41818866 | 
| **Sarah Wilson** | 0.27601948 | 0.41818866 | 1.0 | 


| comment | Discuss future property developments in downtown area | Sent architectural design drafts for the new business park |
|---|---|---|
| **Discuss future property developments in downtown area** | 1.0 | 0.44479138 | 
| **Sent architectural design drafts for the new business park** | 0.44479138 | 1.0 | 


| industry | Real Estate |
|---|---|
| **Real Estate** | 1.0 | 


| title | Senior Real Estate Advisor | Architect |
|---|---|---|
| **Senior Real Estate Advisor** | 1.0 | 0.48653144 | 
| **Architect** | 0.48653144 | 1.0 | 


### gen5

| city | Boston | San Diego | Seattle |
|---|---|---|---|
| **Boston** | 1.0 | 0.4767279 | 0.5360604 | 
| **San Diego** | 0.4767279 | 1.0 | 0.53909576 | 
| **Seattle** | 0.5360604 | 0.53909576 | 1.0 | 


| street | Maple Street | Palm Lane | Lakeview Ave |
|---|---|---|---|
| **Maple Street** | 1.0 | 0.5127385 | 0.5520643 | 
| **Palm Lane** | 0.5127385 | 1.0 | 0.5012403 | 
| **Lakeview Ave** | 0.5520643 | 0.5012403 | 1.0 | 


| name | BlueTech Innovations | Emma Watson | Oliver Stone |
|---|---|---|---|
| **BlueTech Innovations** | 1.0 | 0.21310204 | 0.23902887 | 
| **Emma Watson** | 0.21310204 | 1.0 | 0.39375332 | 
| **Oliver Stone** | 0.23902887 | 0.39375332 | 1.0 | 


| comment | Participate in UX design workshop with stakeholders | Discuss multimedia content strategies for product launch |
|---|---|---|
| **Participate in UX design workshop with stakeholders** | 1.0 | 0.37848935 | 
| **Discuss multimedia content strategies for product launch** | 0.37848935 | 1.0 | 


| industry | Software Development |
|---|---|
| **Software Development** | 1.0 | 


| title | Lead UX Designer | Multimedia Specialist |
|---|---|---|
| **Lead UX Designer** | 1.0 | 0.49614123 | 
| **Multimedia Specialist** | 0.49614123 | 1.0 | 


### ALL Gen

| city | New York | San Francisco | Chicago | Los Angeles | Seattle | Austin | Miami | Denver | Phoenix | Charlotte | Houston | Boston | San Diego | Seattle |
|---|---|---|---|---|---|---|---|---|---|---|---|---|---|---|
| **New York** | 1.0 | 0.5531845 | 0.52955854 | 0.5737603 | 0.47902337 | 0.44421378 | 0.509273 | 0.49975136 | 0.39815032 | 0.47796175 | 0.49036068 | 0.52229106 | 0.46592864 | 0.47902337 | 
| **San Francisco** | 0.5531845 | 1.0 | 0.5419901 | 0.64349097 | 0.622439 | 0.48362857 | 0.48588094 | 0.5708862 | 0.4316629 | 0.43018365 | 0.5388618 | 0.5681993 | 0.6977652 | 0.622439 | 
| **Chicago** | 0.52955854 | 0.5419901 | 1.0 | 0.5921361 | 0.5405555 | 0.5290448 | 0.5971714 | 0.5578908 | 0.50845736 | 0.47963837 | 0.53413546 | 0.6113299 | 0.53149766 | 0.5405555 | 
| **Los Angeles** | 0.5737603 | 0.64349097 | 0.5921361 | 1.0 | 0.54564697 | 0.5191953 | 0.5513324 | 0.54011315 | 0.48102212 | 0.41350272 | 0.5662134 | 0.5204507 | 0.6203102 | 0.54564697 | 
| **Seattle** | 0.47902337 | 0.622439 | 0.5405555 | 0.54564697 | 1.0 | 0.512666 | 0.5108885 | 0.60095745 | 0.42464375 | 0.3870948 | 0.52222556 | 0.5360604 | 0.53909576 | 0.99999994 | 
| **Austin** | 0.44421378 | 0.48362857 | 0.5290448 | 0.5191953 | 0.512666 | 1.0 | 0.4715716 | 0.47639537 | 0.53195035 | 0.3875355 | 0.64256024 | 0.5040545 | 0.45580304 | 0.512666 | 
| **Miami** | 0.509273 | 0.48588094 | 0.5971714 | 0.5513324 | 0.5108885 | 0.4715716 | 1.0 | 0.5363393 | 0.4878772 | 0.4196205 | 0.5639495 | 0.5474529 | 0.45297 | 0.5108885 | 
| **Denver** | 0.49975136 | 0.5708862 | 0.5578908 | 0.54011315 | 0.60095745 | 0.47639537 | 0.5363393 | 1.0 | 0.53019077 | 0.49690515 | 0.4957411 | 0.54916704 | 0.5459434 | 0.60095745 | 
| **Phoenix** | 0.39815032 | 0.4316629 | 0.50845736 | 0.48102212 | 0.42464375 | 0.53195035 | 0.4878772 | 0.53019077 | 1.0 | 0.4601489 | 0.5291931 | 0.505663 | 0.47211567 | 0.42464375 | 
| **Charlotte** | 0.47796175 | 0.43018365 | 0.47963837 | 0.41350272 | 0.3870948 | 0.3875355 | 0.4196205 | 0.49690515 | 0.4601489 | 1.0 | 0.43465224 | 0.485051 | 0.44795775 | 0.3870948 | 
| **Houston** | 0.49036068 | 0.5388618 | 0.53413546 | 0.5662134 | 0.52222556 | 0.64256024 | 0.5639495 | 0.4957411 | 0.5291931 | 0.43465224 | 1.0 | 0.5794599 | 0.47215837 | 0.52222556 | 
| **Boston** | 0.52229106 | 0.5681993 | 0.6113299 | 0.5204507 | 0.5360604 | 0.5040545 | 0.5474529 | 0.54916704 | 0.505663 | 0.485051 | 0.5794599 | 1.0 | 0.4767279 | 0.5360604 | 
| **San Diego** | 0.46592864 | 0.6977652 | 0.53149766 | 0.6203102 | 0.53909576 | 0.45580304 | 0.45297 | 0.5459434 | 0.47211567 | 0.44795775 | 0.47215837 | 0.4767279 | 1.0 | 0.53909576 | 
| **Seattle** | 0.47902337 | 0.622439 | 0.5405555 | 0.54564697 | 0.99999994 | 0.512666 | 0.5108885 | 0.60095745 | 0.42464375 | 0.3870948 | 0.52222556 | 0.5360604 | 0.53909576 | 1.0 | 


| street | Broadway | Market Street | Michigan Avenue | Sunset Boulevard | Pine Street | Congress Avenue | Biscayne Blvd | Energy Parkway | Desert Drive | Elm Street | Construction Road | Maple Street | Palm Lane | Lakeview Ave |
|---|---|---|---|---|---|---|---|---|---|---|---|---|---|---|
| **Broadway** | 1.0 | 0.41881913 | 0.5087114 | 0.50310105 | 0.41568872 | 0.49386817 | 0.49864608 | 0.40930498 | 0.3948532 | 0.38142052 | 0.3446751 | 0.438079 | 0.42158216 | 0.39359626 | 
| **Market Street** | 0.41881913 | 1.0 | 0.5633556 | 0.3288908 | 0.6123976 | 0.5510958 | 0.4018084 | 0.43108353 | 0.37795806 | 0.4588853 | 0.41284513 | 0.6381183 | 0.43409094 | 0.47697988 | 
| **Michigan Avenue** | 0.5087114 | 0.5633556 | 1.0 | 0.4360481 | 0.552276 | 0.6293055 | 0.6083168 | 0.45778453 | 0.47826514 | 0.4353448 | 0.44492793 | 0.56141806 | 0.5024076 | 0.6228738 | 
| **Sunset Boulevard** | 0.50310105 | 0.3288908 | 0.4360481 | 1.0 | 0.39064202 | 0.38692397 | 0.5141866 | 0.32961988 | 0.52225214 | 0.5026096 | 0.34812194 | 0.37571907 | 0.41040087 | 0.4021894 | 
| **Pine Street** | 0.41568872 | 0.6123976 | 0.552276 | 0.39064202 | 1.0 | 0.4761063 | 0.4776664 | 0.38239187 | 0.43411604 | 0.48239046 | 0.42682028 | 0.7302425 | 0.5420096 | 0.51173186 | 
| **Congress Avenue** | 0.49386817 | 0.5510958 | 0.6293055 | 0.38692397 | 0.4761063 | 1.0 | 0.5186859 | 0.46821877 | 0.44310278 | 0.36804634 | 0.5012896 | 0.48838744 | 0.4981079 | 0.54715526 | 
| **Biscayne Blvd** | 0.49864608 | 0.4018084 | 0.6083168 | 0.5141866 | 0.4776664 | 0.5186859 | 1.0 | 0.4579065 | 0.46975598 | 0.40027088 | 0.42238694 | 0.4494553 | 0.5160192 | 0.4938218 | 
| **Energy Parkway** | 0.40930498 | 0.43108353 | 0.45778453 | 0.32961988 | 0.38239187 | 0.46821877 | 0.4579065 | 1.0 | 0.50274134 | 0.37221432 | 0.5246061 | 0.39341828 | 0.4428005 | 0.43224925 | 
| **Desert Drive** | 0.3948532 | 0.37795806 | 0.47826514 | 0.52225214 | 0.43411604 | 0.44310278 | 0.46975598 | 0.50274134 | 1.0 | 0.42347652 | 0.5148694 | 0.4094618 | 0.5554127 | 0.4455717 | 
| **Elm Street** | 0.38142052 | 0.4588853 | 0.4353448 | 0.5026096 | 0.48239046 | 0.36804634 | 0.40027088 | 0.37221432 | 0.42347652 | 1.0 | 0.3473724 | 0.48523933 | 0.4054771 | 0.38949105 | 
| **Construction Road** | 0.3446751 | 0.41284513 | 0.44492793 | 0.34812194 | 0.42682028 | 0.5012896 | 0.42238694 | 0.5246061 | 0.5148694 | 0.3473724 | 1.0 | 0.4336708 | 0.43315056 | 0.43703285 | 
| **Maple Street** | 0.438079 | 0.6381183 | 0.56141806 | 0.37571907 | 0.7302425 | 0.48838744 | 0.4494553 | 0.39341828 | 0.4094618 | 0.48523933 | 0.4336708 | 1.0 | 0.5127385 | 0.5520643 | 
| **Palm Lane** | 0.42158216 | 0.43409094 | 0.5024076 | 0.41040087 | 0.5420096 | 0.4981079 | 0.5160192 | 0.4428005 | 0.5554127 | 0.4054771 | 0.43315056 | 0.5127385 | 1.0 | 0.5012403 | 
| **Lakeview Ave** | 0.39359626 | 0.47697988 | 0.6228738 | 0.4021894 | 0.51173186 | 0.54715526 | 0.4938218 | 0.43224925 | 0.4455717 | 0.38949105 | 0.43703285 | 0.5520643 | 0.5012403 | 1.0 | 


| name | John Doe | Acme Corp | Jane Smith | Mark Brown | Tech Solutions | Alice Wong | Bob Carter | Green Energy Inc. | David Lee | Sophia Kim | Urban Developers Ltd. | Michael Jones | Sarah Wilson | BlueTech Innovations | Emma Watson | Oliver Stone |
|---|---|---|---|---|---|---|---|---|---|---|---|---|---|---|---|---|
| **John Doe** | 1.0 | 0.4295742 | 0.4485335 | 0.35607344 | 0.30111045 | 0.36468866 | 0.37494335 | 0.37556317 | 0.41316614 | 0.35670152 | 0.25851077 | 0.4124243 | 0.3011944 | 0.30419898 | 0.3070514 | 0.31522316 | 
| **Acme Corp** | 0.4295742 | 1.0 | 0.3577486 | 0.27489614 | 0.313194 | 0.40191707 | 0.31960118 | 0.4580113 | 0.37367058 | 0.32274523 | 0.33733556 | 0.28256643 | 0.2949069 | 0.3216 | 0.35479677 | 0.30855384 | 
| **Jane Smith** | 0.4485335 | 0.3577486 | 1.0 | 0.46005297 | 0.25745216 | 0.38673717 | 0.3691593 | 0.3328257 | 0.37000442 | 0.3102905 | 0.2960963 | 0.49510854 | 0.41008815 | 0.318298 | 0.4235441 | 0.41769814 | 
| **Mark Brown** | 0.35607344 | 0.27489614 | 0.46005297 | 1.0 | 0.26506948 | 0.33891484 | 0.4022592 | 0.33904496 | 0.45028186 | 0.3255543 | 0.30419424 | 0.49209866 | 0.35150898 | 0.35843387 | 0.3225868 | 0.33938375 | 
| **Tech Solutions** | 0.30111045 | 0.313194 | 0.25745216 | 0.26506948 | 1.0 | 0.2553176 | 0.24152803 | 0.345984 | 0.26007676 | 0.30715957 | 0.32106382 | 0.24142589 | 0.24751796 | 0.5692305 | 0.22834118 | 0.20740534 | 
| **Alice Wong** | 0.36468866 | 0.40191707 | 0.38673717 | 0.33891484 | 0.2553176 | 1.0 | 0.35215482 | 0.2780075 | 0.43874925 | 0.5216224 | 0.26764777 | 0.31245482 | 0.47402978 | 0.3202318 | 0.45041072 | 0.32807243 | 
| **Bob Carter** | 0.37494335 | 0.31960118 | 0.3691593 | 0.4022592 | 0.24152803 | 0.35215482 | 1.0 | 0.28929275 | 0.4129429 | 0.33465877 | 0.26754704 | 0.41564745 | 0.4005819 | 0.30645412 | 0.33134353 | 0.39218608 | 
| **Green Energy Inc.** | 0.37556317 | 0.4580113 | 0.3328257 | 0.33904496 | 0.345984 | 0.2780075 | 0.28929275 | 1.0 | 0.35914928 | 0.30019817 | 0.3828652 | 0.25509587 | 0.2997655 | 0.52058905 | 0.1844274 | 0.24026337 | 
| **David Lee** | 0.41316614 | 0.37367058 | 0.37000442 | 0.45028186 | 0.26007676 | 0.43874925 | 0.4129429 | 0.35914928 | 1.0 | 0.456762 | 0.3565705 | 0.40720466 | 0.48031315 | 0.30190963 | 0.3294768 | 0.36597893 | 
| **Sophia Kim** | 0.35670152 | 0.32274523 | 0.3102905 | 0.3255543 | 0.30715957 | 0.5216224 | 0.33465877 | 0.30019817 | 0.456762 | 1.0 | 0.27123109 | 0.3153727 | 0.51667684 | 0.29445052 | 0.42579305 | 0.32327005 | 
| **Urban Developers Ltd.** | 0.25851077 | 0.33733556 | 0.2960963 | 0.30419424 | 0.32106382 | 0.26764777 | 0.26754704 | 0.3828652 | 0.3565705 | 0.27123109 | 1.0 | 0.26810274 | 0.27601948 | 0.372538 | 0.23676275 | 0.28475997 | 
| **Michael Jones** | 0.4124243 | 0.28256643 | 0.49510854 | 0.49209866 | 0.24142589 | 0.31245482 | 0.41564745 | 0.25509587 | 0.40720466 | 0.3153727 | 0.26810274 | 1.0 | 0.41818866 | 0.28344858 | 0.27428335 | 0.41724506 | 
| **Sarah Wilson** | 0.3011944 | 0.2949069 | 0.41008815 | 0.35150898 | 0.24751796 | 0.47402978 | 0.4005819 | 0.2997655 | 0.48031315 | 0.51667684 | 0.27601948 | 0.41818866 | 1.0 | 0.29498497 | 0.43719518 | 0.29879627 | 
| **BlueTech Innovations** | 0.30419898 | 0.3216 | 0.318298 | 0.35843387 | 0.5692305 | 0.3202318 | 0.30645412 | 0.52058905 | 0.30190963 | 0.29445052 | 0.372538 | 0.28344858 | 0.29498497 | 1.0 | 0.21310204 | 0.23902887 | 
| **Emma Watson** | 0.3070514 | 0.35479677 | 0.4235441 | 0.3225868 | 0.22834118 | 0.45041072 | 0.33134353 | 0.1844274 | 0.3294768 | 0.42579305 | 0.23676275 | 0.27428335 | 0.43719518 | 0.21310204 | 1.0 | 0.39375332 | 
| **Oliver Stone** | 0.31522316 | 0.30855384 | 0.41769814 | 0.33938375 | 0.20740534 | 0.32807243 | 0.39218608 | 0.24026337 | 0.36597893 | 0.32327005 | 0.28475997 | 0.41724506 | 0.29879627 | 0.23902887 | 0.39375332 | 1.0 | 


| comment | Discuss project milestones | Follow-up on proposal | Sent quarterly earnings report | Reminder for annual strategic planning meeting | Consulted on solar power expansion project | Submitted new design prototypes for review | Discuss future property developments in downtown area | Sent architectural design drafts for the new business park | Participate in UX design workshop with stakeholders | Discuss multimedia content strategies for product launch |
|---|---|---|---|---|---|---|---|---|---|---|
| **Discuss project milestones** | 1.0 | 0.50690746 | 0.3987044 | 0.4422141 | 0.39967355 | 0.4387269 | 0.4923578 | 0.39627385 | 0.4355757 | 0.48713502 | 
| **Follow-up on proposal** | 0.50690746 | 1.0 | 0.38904363 | 0.42058152 | 0.38809833 | 0.5108864 | 0.4834343 | 0.46898487 | 0.36481887 | 0.2860355 | 
| **Sent quarterly earnings report** | 0.3987044 | 0.38904363 | 1.0 | 0.3832027 | 0.28355607 | 0.41280833 | 0.25038746 | 0.4912358 | 0.22560014 | 0.33838502 | 
| **Reminder for annual strategic planning meeting** | 0.4422141 | 0.42058152 | 0.3832027 | 1.0 | 0.29477373 | 0.31398275 | 0.37497777 | 0.36035946 | 0.40965164 | 0.31175697 | 
| **Consulted on solar power expansion project** | 0.39967355 | 0.38809833 | 0.28355607 | 0.29477373 | 1.0 | 0.39267814 | 0.38009238 | 0.45753816 | 0.35067773 | 0.25707227 | 
| **Submitted new design prototypes for review** | 0.4387269 | 0.5108864 | 0.41280833 | 0.31398275 | 0.39267814 | 1.0 | 0.3805422 | 0.6056715 | 0.50574833 | 0.41959605 | 
| **Discuss future property developments in downtown area** | 0.4923578 | 0.4834343 | 0.25038746 | 0.37497777 | 0.38009238 | 0.3805422 | 1.0 | 0.44479138 | 0.31045485 | 0.3563024 | 
| **Sent architectural design drafts for the new business park** | 0.39627385 | 0.46898487 | 0.4912358 | 0.36035946 | 0.45753816 | 0.6056715 | 0.44479138 | 1.0 | 0.38355654 | 0.31754234 | 
| **Participate in UX design workshop with stakeholders** | 0.4355757 | 0.36481887 | 0.22560014 | 0.40965164 | 0.35067773 | 0.50574833 | 0.31045485 | 0.38355654 | 1.0 | 0.37848935 | 
| **Discuss multimedia content strategies for product launch** | 0.48713502 | 0.2860355 | 0.33838502 | 0.31175697 | 0.25707227 | 0.41959605 | 0.3563024 | 0.31754234 | 0.37848935 | 1.0 | 


| industry | Technology | Consulting | Renewable Energy | Real Estate | Software Development |
|---|---|---|---|---|---|
| **Technology** | 1.0 | 0.3751753 | 0.41160166 | 0.43748158 | 0.5401055 | 
| **Consulting** | 0.3751753 | 1.0 | 0.34465057 | 0.41975382 | 0.49396053 | 
| **Renewable Energy** | 0.41160166 | 0.34465057 | 1.0 | 0.50361156 | 0.39203426 | 
| **Real Estate** | 0.43748158 | 0.41975382 | 0.50361156 | 1.0 | 0.4413066 | 
| **Software Development** | 0.5401055 | 0.49396053 | 0.39203426 | 0.4413066 | 1.0 | 


| title | Software Engineer | Project Manager | Marketing Director | Chief Executive Officer | Operations Manager | Environmental Consultant | Graphic Designer | Senior Real Estate Advisor | Architect | Lead UX Designer | Multimedia Specialist |
|---|---|---|---|---|---|---|---|---|---|---|---|
| **Software Engineer** | 1.0 | 0.5414829 | 0.4438287 | 0.4408001 | 0.4459577 | 0.44176644 | 0.53680444 | 0.42133978 | 0.48120922 | 0.5524187 | 0.48764992 | 
| **Project Manager** | 0.5414829 | 1.0 | 0.5902433 | 0.4856652 | 0.67028373 | 0.5217972 | 0.5341803 | 0.49100778 | 0.5020825 | 0.54358745 | 0.5169758 | 
| **Marketing Director** | 0.4438287 | 0.5902433 | 1.0 | 0.6562955 | 0.58303505 | 0.44627088 | 0.56100893 | 0.5298408 | 0.4297558 | 0.5560143 | 0.5104579 | 
| **Chief Executive Officer** | 0.4408001 | 0.4856652 | 0.6562955 | 1.0 | 0.585352 | 0.38456511 | 0.40540624 | 0.45104033 | 0.43802997 | 0.48835322 | 0.38457692 | 
| **Operations Manager** | 0.4459577 | 0.67028373 | 0.58303505 | 0.585352 | 1.0 | 0.44738477 | 0.46709627 | 0.45596558 | 0.402714 | 0.5058916 | 0.44077575 | 
| **Environmental Consultant** | 0.44176644 | 0.5217972 | 0.44627088 | 0.38456511 | 0.44738477 | 1.0 | 0.4898133 | 0.55325913 | 0.5019428 | 0.42476946 | 0.45452043 | 
| **Graphic Designer** | 0.53680444 | 0.5341803 | 0.56100893 | 0.40540624 | 0.46709627 | 0.4898133 | 1.0 | 0.42546213 | 0.56189495 | 0.6372093 | 0.6457227 | 
| **Senior Real Estate Advisor** | 0.42133978 | 0.49100778 | 0.5298408 | 0.45104033 | 0.45596558 | 0.55325913 | 0.42546213 | 1.0 | 0.48653144 | 0.5203732 | 0.45316836 | 
| **Architect** | 0.48120922 | 0.5020825 | 0.4297558 | 0.43802997 | 0.402714 | 0.5019428 | 0.56189495 | 0.48653144 | 1.0 | 0.44507584 | 0.3962237 | 
| **Lead UX Designer** | 0.5524187 | 0.54358745 | 0.5560143 | 0.48835322 | 0.5058916 | 0.42476946 | 0.6372093 | 0.5203732 | 0.44507584 | 1.0 | 0.49614123 | 
| **Multimedia Specialist** | 0.48764992 | 0.5169758 | 0.5104579 | 0.38457692 | 0.44077575 | 0.45452043 | 0.6457227 | 0.45316836 | 0.3962237 | 0.49614123 | 1.0 |